<shapes type=list>
	<ruler.pixel type=vector names=FALSE length=1 as.numeric=TRUE >55.0105382980736</ruler.pixel>
	<ruler.interval type=vector names=FALSE length=1 as.numeric=TRUE >1</ruler.interval>
	<scaling.units type=vector names=FALSE length=1 as.numeric=FALSE >cm</scaling.units>
	<scaling type=vector names=FALSE length=1 as.numeric=TRUE >0.0181783351142924</scaling>
	<landmarks.pixel type=matrix rownames=TRUE colnames=FALSE nrow=2 ncol=2 as.numeric=TRUE >
		LM01	744	1738
		LM02	749	788
	</landmarks.pixel>
	<landmarks.scaled type=matrix rownames=TRUE colnames=FALSE nrow=2 ncol=2 as.numeric=TRUE >
		LM01	13.5246813250336	-31.5939464286403
		LM02	13.615573000605	-14.3245280700624
	</landmarks.scaled>
	<curves.control type=list>
		<curveLM03 type=matrix rownames=FALSE colnames=FALSE nrow=5 ncol=2 as.numeric=TRUE >
			744	1738
			713	1769
			689	1231
			703	795
			749	788
		</curveLM03>
		<curveLM04 type=matrix rownames=FALSE colnames=FALSE nrow=5 ncol=2 as.numeric=TRUE >
			749	788
			798	813
			812	1234
			791	1734
			744	1738
		</curveLM04>
	</curves.control>
	<curves.pixel type=list>
		<curveLM03 type=matrix rownames=FALSE colnames=FALSE nrow=967 ncol=2 as.numeric=TRUE >
			744	1738
			743	1738
			743	1739
			742	1739
			741	1740
			740	1740
			739	1739
			738	1739
			737	1738
			736	1737
			735	1736
			735	1735
			735	1734
			734	1733
			734	1732
			733	1732
			733	1731
			733	1730
			732	1729
			732	1728
			732	1727
			731	1726
			731	1725
			731	1724
			730	1723
			730	1722
			730	1721
			730	1720
			729	1719
			729	1718
			729	1717
			728	1716
			728	1715
			728	1714
			728	1713
			727	1712
			727	1711
			727	1710
			727	1709
			727	1708
			726	1707
			726	1706
			726	1705
			726	1704
			726	1703
			725	1702
			725	1701
			725	1700
			725	1699
			725	1698
			724	1697
			724	1696
			724	1695
			724	1694
			724	1693
			724	1692
			723	1691
			723	1690
			723	1689
			723	1688
			723	1687
			723	1686
			722	1685
			722	1684
			722	1683
			722	1682
			722	1681
			721	1680
			721	1679
			721	1678
			721	1677
			721	1676
			721	1675
			721	1674
			721	1673
			720	1673
			720	1672
			720	1671
			720	1670
			720	1669
			720	1668
			720	1667
			720	1666
			719	1665
			719	1664
			719	1663
			719	1662
			719	1661
			719	1660
			719	1659
			718	1658
			718	1657
			718	1656
			718	1655
			718	1654
			718	1653
			718	1652
			718	1651
			717	1650
			717	1649
			717	1648
			717	1647
			717	1646
			717	1645
			717	1644
			717	1643
			716	1642
			716	1641
			716	1640
			716	1639
			716	1638
			716	1637
			716	1636
			716	1635
			716	1634
			715	1633
			715	1632
			715	1631
			715	1630
			715	1629
			715	1628
			715	1627
			715	1626
			715	1625
			714	1624
			714	1623
			714	1622
			714	1621
			714	1620
			714	1619
			714	1618
			714	1617
			714	1616
			713	1615
			713	1614
			713	1613
			713	1612
			713	1611
			713	1610
			713	1609
			713	1608
			713	1607
			713	1606
			713	1605
			712	1604
			712	1603
			712	1602
			712	1601
			712	1600
			712	1599
			712	1598
			712	1597
			712	1596
			712	1595
			711	1594
			711	1593
			711	1592
			711	1591
			711	1590
			711	1589
			711	1588
			711	1587
			711	1586
			711	1585
			711	1584
			710	1583
			710	1582
			710	1581
			710	1580
			710	1579
			710	1578
			710	1577
			710	1576
			710	1575
			710	1574
			710	1573
			709	1572
			709	1571
			709	1570
			709	1569
			709	1568
			709	1567
			709	1566
			709	1565
			709	1564
			709	1563
			709	1562
			709	1561
			708	1560
			708	1559
			708	1558
			708	1557
			708	1556
			708	1555
			708	1554
			708	1553
			708	1552
			708	1551
			708	1550
			708	1549
			707	1548
			707	1547
			707	1546
			707	1545
			707	1544
			707	1543
			707	1542
			707	1541
			707	1540
			707	1539
			707	1538
			707	1537
			707	1536
			706	1535
			706	1534
			706	1533
			706	1532
			706	1531
			706	1530
			706	1529
			706	1528
			706	1527
			706	1526
			706	1525
			706	1524
			706	1523
			705	1522
			705	1521
			705	1520
			705	1519
			705	1518
			705	1517
			705	1516
			705	1515
			705	1514
			705	1513
			705	1512
			705	1511
			705	1510
			705	1509
			704	1509
			704	1508
			704	1507
			704	1506
			704	1505
			704	1504
			704	1503
			704	1502
			704	1501
			704	1500
			704	1499
			704	1498
			704	1497
			704	1496
			703	1495
			703	1494
			703	1493
			703	1492
			703	1491
			703	1490
			703	1489
			703	1488
			703	1487
			703	1486
			703	1485
			703	1484
			703	1483
			703	1482
			703	1481
			702	1480
			702	1479
			702	1478
			702	1477
			702	1476
			702	1475
			702	1474
			702	1473
			702	1472
			702	1471
			702	1470
			702	1469
			702	1468
			702	1467
			702	1466
			701	1465
			701	1464
			701	1463
			701	1462
			701	1461
			701	1460
			701	1459
			701	1458
			701	1457
			701	1456
			701	1455
			701	1454
			701	1453
			701	1452
			701	1451
			701	1450
			700	1449
			700	1448
			700	1447
			700	1446
			700	1445
			700	1444
			700	1443
			700	1442
			700	1441
			700	1440
			700	1439
			700	1438
			700	1437
			700	1436
			700	1435
			700	1434
			699	1433
			699	1432
			699	1431
			699	1430
			699	1429
			699	1428
			699	1427
			699	1426
			699	1425
			699	1424
			699	1423
			699	1422
			699	1421
			699	1420
			699	1419
			699	1418
			699	1417
			698	1416
			698	1415
			698	1414
			698	1413
			698	1412
			698	1411
			698	1410
			698	1409
			698	1408
			698	1407
			698	1406
			698	1405
			698	1404
			698	1403
			698	1402
			698	1401
			697	1400
			697	1399
			697	1398
			697	1397
			697	1396
			697	1395
			697	1394
			697	1393
			697	1392
			697	1391
			697	1390
			697	1389
			697	1388
			697	1387
			697	1386
			697	1385
			697	1384
			697	1383
			696	1382
			696	1381
			696	1380
			696	1379
			696	1378
			696	1377
			696	1376
			696	1375
			696	1374
			696	1373
			696	1372
			696	1371
			696	1370
			696	1369
			696	1368
			696	1367
			696	1366
			696	1365
			696	1364
			695	1363
			695	1362
			695	1361
			695	1360
			695	1359
			695	1358
			695	1357
			695	1356
			695	1355
			695	1354
			695	1353
			695	1352
			695	1351
			695	1350
			695	1349
			695	1348
			695	1347
			695	1346
			694	1345
			694	1344
			694	1343
			694	1342
			694	1341
			694	1340
			694	1339
			694	1338
			694	1337
			694	1336
			694	1335
			694	1334
			694	1333
			694	1332
			694	1331
			694	1330
			694	1329
			694	1328
			694	1327
			694	1326
			693	1325
			693	1324
			693	1323
			693	1322
			693	1321
			693	1320
			693	1319
			693	1318
			693	1317
			693	1316
			693	1315
			693	1314
			693	1313
			693	1312
			693	1311
			693	1310
			693	1309
			693	1308
			693	1307
			693	1306
			692	1305
			692	1304
			692	1303
			692	1302
			692	1301
			692	1300
			692	1299
			692	1298
			692	1297
			692	1296
			692	1295
			692	1294
			692	1293
			692	1292
			692	1291
			692	1290
			692	1289
			692	1288
			692	1287
			692	1286
			692	1285
			691	1284
			691	1283
			691	1282
			691	1281
			691	1280
			691	1279
			691	1278
			691	1277
			691	1276
			691	1275
			691	1274
			691	1273
			691	1272
			691	1271
			691	1270
			691	1269
			691	1268
			691	1267
			691	1266
			691	1265
			691	1264
			690	1263
			690	1262
			690	1261
			690	1260
			690	1259
			690	1258
			690	1257
			690	1256
			690	1255
			690	1254
			690	1253
			690	1252
			690	1251
			690	1250
			690	1249
			690	1248
			690	1247
			690	1246
			690	1245
			690	1244
			690	1243
			689	1242
			689	1241
			689	1240
			689	1239
			689	1238
			689	1237
			689	1236
			689	1235
			689	1234
			689	1233
			689	1232
			689	1231
			689	1230
			689	1229
			689	1228
			689	1227
			689	1226
			689	1225
			689	1224
			689	1223
			689	1222
			689	1221
			689	1220
			689	1219
			689	1218
			689	1217
			689	1216
			690	1215
			690	1214
			690	1213
			690	1212
			690	1211
			690	1210
			690	1209
			690	1208
			690	1207
			690	1206
			690	1205
			690	1204
			690	1203
			690	1202
			690	1201
			690	1200
			690	1199
			690	1198
			690	1197
			690	1196
			690	1195
			690	1194
			690	1193
			690	1192
			690	1191
			690	1190
			690	1189
			691	1188
			691	1187
			691	1186
			691	1185
			691	1184
			691	1183
			691	1182
			691	1181
			691	1180
			691	1179
			691	1178
			691	1177
			691	1176
			691	1175
			691	1174
			691	1173
			691	1172
			691	1171
			691	1170
			691	1169
			691	1168
			691	1167
			691	1166
			691	1165
			691	1164
			691	1163
			692	1162
			692	1161
			692	1160
			692	1159
			692	1158
			692	1157
			692	1156
			692	1155
			692	1154
			692	1153
			692	1152
			692	1151
			692	1150
			692	1149
			692	1148
			692	1147
			692	1146
			692	1145
			692	1144
			692	1143
			692	1142
			692	1141
			692	1140
			693	1139
			693	1138
			693	1137
			693	1136
			693	1135
			693	1134
			693	1133
			693	1132
			693	1131
			693	1130
			693	1129
			693	1128
			693	1127
			693	1126
			693	1125
			693	1124
			693	1123
			693	1122
			693	1121
			693	1120
			693	1119
			694	1118
			694	1117
			694	1116
			694	1115
			694	1114
			694	1113
			694	1112
			694	1111
			694	1110
			694	1109
			694	1108
			694	1107
			694	1106
			694	1105
			694	1104
			694	1103
			694	1102
			694	1101
			694	1100
			694	1099
			695	1098
			695	1097
			695	1096
			695	1095
			695	1094
			695	1093
			695	1092
			695	1091
			695	1090
			695	1089
			695	1088
			695	1087
			695	1086
			695	1085
			695	1084
			695	1083
			695	1082
			695	1081
			696	1080
			696	1079
			696	1078
			696	1077
			696	1076
			696	1075
			696	1074
			696	1073
			696	1072
			696	1071
			696	1070
			696	1069
			696	1068
			696	1067
			696	1066
			696	1065
			696	1064
			697	1063
			697	1062
			697	1061
			697	1060
			697	1059
			697	1058
			697	1057
			697	1056
			697	1055
			697	1054
			697	1053
			697	1052
			697	1051
			697	1050
			697	1049
			697	1048
			698	1047
			698	1046
			698	1045
			698	1044
			698	1043
			698	1042
			698	1041
			698	1040
			698	1039
			698	1038
			698	1037
			698	1036
			698	1035
			698	1034
			698	1033
			699	1032
			699	1031
			699	1030
			699	1029
			699	1028
			699	1027
			699	1026
			699	1025
			699	1024
			699	1023
			699	1022
			699	1021
			699	1020
			699	1019
			700	1018
			700	1017
			700	1016
			700	1015
			700	1014
			700	1013
			700	1012
			700	1011
			700	1010
			700	1009
			700	1008
			700	1007
			700	1006
			701	1005
			701	1004
			701	1003
			701	1002
			701	1001
			701	1000
			701	999
			701	998
			701	997
			701	996
			701	995
			701	994
			701	993
			702	992
			702	991
			702	990
			702	989
			702	988
			702	987
			702	986
			702	985
			702	984
			702	983
			702	982
			702	981
			703	980
			703	979
			703	978
			703	977
			703	976
			703	975
			703	974
			703	973
			703	972
			703	971
			703	970
			704	969
			704	968
			704	967
			704	966
			704	965
			704	964
			704	963
			704	962
			704	961
			704	960
			705	959
			705	958
			705	957
			705	956
			705	955
			705	954
			705	953
			705	952
			705	951
			705	950
			705	949
			706	948
			706	947
			706	946
			706	945
			706	944
			706	943
			706	942
			706	941
			706	940
			707	939
			707	938
			707	937
			707	936
			707	935
			707	934
			707	933
			707	932
			707	931
			708	930
			708	929
			708	928
			708	927
			708	926
			708	925
			708	924
			708	923
			709	922
			709	921
			709	920
			709	919
			709	918
			709	917
			709	916
			709	915
			710	914
			710	913
			710	912
			710	911
			710	910
			710	909
			710	908
			710	907
			711	906
			711	905
			711	904
			711	903
			711	902
			711	901
			711	900
			711	899
			712	898
			712	897
			712	896
			712	895
			712	894
			712	893
			712	892
			713	891
			713	890
			713	889
			713	888
			713	887
			713	886
			713	885
			714	884
			714	883
			714	882
			714	881
			714	880
			714	879
			715	878
			715	877
			715	876
			715	875
			715	874
			715	873
			716	872
			716	871
			716	870
			716	869
			716	868
			716	867
			717	866
			717	865
			717	864
			717	863
			717	862
			718	861
			718	860
			718	859
			718	858
			718	857
			719	856
			719	855
			719	854
			719	853
			719	852
			719	851
			720	851
			720	850
			720	849
			720	848
			720	847
			721	846
			721	845
			721	844
			721	843
			722	842
			722	841
			722	840
			722	839
			722	838
			723	837
			723	836
			723	835
			723	834
			724	833
			724	832
			724	831
			724	830
			725	830
			725	829
			725	828
			725	827
			726	826
			726	825
			726	824
			727	823
			727	822
			727	821
			727	820
			728	819
			728	818
			728	817
			729	816
			729	815
			730	814
			730	813
			730	812
			731	811
			731	810
			731	809
			732	808
			732	807
			733	806
			733	805
			734	804
			734	803
			735	802
			735	801
			736	800
			737	799
			737	798
			738	797
			738	796
			739	795
			740	794
			741	793
			742	792
			743	791
			744	790
			745	789
			746	789
			747	788
			748	788
			749	788
		</curveLM03>
		<curveLM04 type=matrix rownames=FALSE colnames=FALSE nrow=969 ncol=2 as.numeric=TRUE >
			749	788
			750	788
			751	789
			752	790
			753	791
			754	792
			755	793
			756	794
			757	795
			758	796
			759	797
			759	798
			760	799
			760	800
			761	801
			762	802
			762	803
			763	804
			763	805
			764	806
			764	807
			765	808
			765	809
			765	810
			766	811
			766	812
			767	813
			767	814
			768	815
			768	816
			768	817
			769	818
			769	819
			770	820
			770	821
			770	822
			771	823
			771	824
			771	825
			771	826
			772	827
			772	828
			772	829
			773	830
			773	831
			773	832
			774	833
			774	834
			774	835
			774	836
			775	837
			775	838
			775	839
			776	840
			776	841
			776	842
			776	843
			777	844
			777	845
			777	846
			777	847
			778	848
			778	849
			778	850
			778	851
			778	852
			779	853
			779	854
			779	855
			780	856
			780	857
			780	858
			780	859
			780	860
			781	861
			781	862
			781	863
			781	864
			781	865
			782	866
			782	867
			782	868
			782	869
			782	870
			783	871
			783	872
			783	873
			783	874
			783	875
			784	876
			784	877
			784	878
			784	879
			784	880
			784	881
			784	882
			785	882
			785	883
			785	884
			785	885
			785	886
			785	887
			786	888
			786	889
			786	890
			786	891
			786	892
			786	893
			787	894
			787	895
			787	896
			787	897
			787	898
			787	899
			788	900
			788	901
			788	902
			788	903
			788	904
			788	905
			788	906
			789	907
			789	908
			789	909
			789	910
			789	911
			789	912
			789	913
			790	914
			790	915
			790	916
			790	917
			790	918
			790	919
			790	920
			790	921
			791	922
			791	923
			791	924
			791	925
			791	926
			791	927
			791	928
			791	929
			792	930
			792	931
			792	932
			792	933
			792	934
			792	935
			792	936
			792	937
			793	938
			793	939
			793	940
			793	941
			793	942
			793	943
			793	944
			793	945
			794	946
			794	947
			794	948
			794	949
			794	950
			794	951
			794	952
			794	953
			795	954
			795	955
			795	956
			795	957
			795	958
			795	959
			795	960
			795	961
			795	962
			795	963
			796	964
			796	965
			796	966
			796	967
			796	968
			796	969
			796	970
			796	971
			796	972
			796	973
			797	974
			797	975
			797	976
			797	977
			797	978
			797	979
			797	980
			797	981
			797	982
			797	983
			798	984
			798	985
			798	986
			798	987
			798	988
			798	989
			798	990
			798	991
			798	992
			798	993
			798	994
			799	995
			799	996
			799	997
			799	998
			799	999
			799	1000
			799	1001
			799	1002
			799	1003
			799	1004
			799	1005
			800	1006
			800	1007
			800	1008
			800	1009
			800	1010
			800	1011
			800	1012
			800	1013
			800	1014
			800	1015
			800	1016
			800	1017
			800	1018
			801	1018
			801	1019
			801	1020
			801	1021
			801	1022
			801	1023
			801	1024
			801	1025
			801	1026
			801	1027
			801	1028
			801	1029
			801	1030
			802	1031
			802	1032
			802	1033
			802	1034
			802	1035
			802	1036
			802	1037
			802	1038
			802	1039
			802	1040
			802	1041
			802	1042
			802	1043
			803	1044
			803	1045
			803	1046
			803	1047
			803	1048
			803	1049
			803	1050
			803	1051
			803	1052
			803	1053
			803	1054
			803	1055
			803	1056
			803	1057
			804	1058
			804	1059
			804	1060
			804	1061
			804	1062
			804	1063
			804	1064
			804	1065
			804	1066
			804	1067
			804	1068
			804	1069
			804	1070
			804	1071
			804	1072
			804	1073
			805	1074
			805	1075
			805	1076
			805	1077
			805	1078
			805	1079
			805	1080
			805	1081
			805	1082
			805	1083
			805	1084
			805	1085
			805	1086
			805	1087
			805	1088
			805	1089
			806	1090
			806	1091
			806	1092
			806	1093
			806	1094
			806	1095
			806	1096
			806	1097
			806	1098
			806	1099
			806	1100
			806	1101
			806	1102
			806	1103
			806	1104
			806	1105
			806	1106
			807	1107
			807	1108
			807	1109
			807	1110
			807	1111
			807	1112
			807	1113
			807	1114
			807	1115
			807	1116
			807	1117
			807	1118
			807	1119
			807	1120
			807	1121
			807	1122
			807	1123
			807	1124
			807	1125
			807	1126
			808	1126
			808	1127
			808	1128
			808	1129
			808	1130
			808	1131
			808	1132
			808	1133
			808	1134
			808	1135
			808	1136
			808	1137
			808	1138
			808	1139
			808	1140
			808	1141
			808	1142
			808	1143
			808	1144
			808	1145
			808	1146
			809	1147
			809	1148
			809	1149
			809	1150
			809	1151
			809	1152
			809	1153
			809	1154
			809	1155
			809	1156
			809	1157
			809	1158
			809	1159
			809	1160
			809	1161
			809	1162
			809	1163
			809	1164
			809	1165
			809	1166
			809	1167
			809	1168
			810	1169
			810	1170
			810	1171
			810	1172
			810	1173
			810	1174
			810	1175
			810	1176
			810	1177
			810	1178
			810	1179
			810	1180
			810	1181
			810	1182
			810	1183
			810	1184
			810	1185
			810	1186
			810	1187
			810	1188
			810	1189
			810	1190
			810	1191
			810	1192
			811	1193
			811	1194
			811	1195
			811	1196
			811	1197
			811	1198
			811	1199
			811	1200
			811	1201
			811	1202
			811	1203
			811	1204
			811	1205
			811	1206
			811	1207
			811	1208
			811	1209
			811	1210
			811	1211
			811	1212
			811	1213
			811	1214
			811	1215
			811	1216
			811	1217
			811	1218
			811	1219
			812	1220
			812	1221
			812	1222
			812	1223
			812	1224
			812	1225
			812	1226
			812	1227
			812	1228
			812	1229
			812	1230
			812	1231
			812	1232
			812	1233
			812	1234
			812	1235
			812	1236
			812	1237
			812	1238
			812	1239
			812	1240
			812	1241
			812	1242
			812	1243
			812	1244
			812	1245
			811	1246
			811	1247
			811	1248
			811	1249
			811	1250
			811	1251
			811	1252
			811	1253
			811	1254
			811	1255
			811	1256
			811	1257
			811	1258
			811	1259
			811	1260
			811	1261
			811	1262
			811	1263
			811	1264
			811	1265
			811	1266
			811	1267
			811	1268
			810	1268
			810	1269
			810	1270
			810	1271
			810	1272
			810	1273
			810	1274
			810	1275
			810	1276
			810	1277
			810	1278
			810	1279
			810	1280
			810	1281
			810	1282
			810	1283
			810	1284
			810	1285
			810	1286
			810	1287
			810	1288
			810	1289
			809	1290
			809	1291
			809	1292
			809	1293
			809	1294
			809	1295
			809	1296
			809	1297
			809	1298
			809	1299
			809	1300
			809	1301
			809	1302
			809	1303
			809	1304
			809	1305
			809	1306
			809	1307
			809	1308
			809	1309
			809	1310
			808	1311
			808	1312
			808	1313
			808	1314
			808	1315
			808	1316
			808	1317
			808	1318
			808	1319
			808	1320
			808	1321
			808	1322
			808	1323
			808	1324
			808	1325
			808	1326
			808	1327
			808	1328
			808	1329
			807	1330
			807	1331
			807	1332
			807	1333
			807	1334
			807	1335
			807	1336
			807	1337
			807	1338
			807	1339
			807	1340
			807	1341
			807	1342
			807	1343
			807	1344
			807	1345
			807	1346
			807	1347
			807	1348
			806	1349
			806	1350
			806	1351
			806	1352
			806	1353
			806	1354
			806	1355
			806	1356
			806	1357
			806	1358
			806	1359
			806	1360
			806	1361
			806	1362
			806	1363
			806	1364
			806	1365
			806	1366
			805	1367
			805	1368
			805	1369
			805	1370
			805	1371
			805	1372
			805	1373
			805	1374
			805	1375
			805	1376
			805	1377
			805	1378
			805	1379
			805	1380
			805	1381
			805	1382
			805	1383
			804	1384
			804	1385
			804	1386
			804	1387
			804	1388
			804	1389
			804	1390
			804	1391
			804	1392
			804	1393
			804	1394
			804	1395
			804	1396
			804	1397
			804	1398
			804	1399
			803	1400
			803	1401
			803	1402
			803	1403
			803	1404
			803	1405
			803	1406
			803	1407
			803	1408
			803	1409
			803	1410
			803	1411
			803	1412
			803	1413
			803	1414
			803	1415
			802	1415
			802	1416
			802	1417
			802	1418
			802	1419
			802	1420
			802	1421
			802	1422
			802	1423
			802	1424
			802	1425
			802	1426
			802	1427
			802	1428
			802	1429
			802	1430
			801	1430
			801	1431
			801	1432
			801	1433
			801	1434
			801	1435
			801	1436
			801	1437
			801	1438
			801	1439
			801	1440
			801	1441
			801	1442
			801	1443
			801	1444
			800	1445
			800	1446
			800	1447
			800	1448
			800	1449
			800	1450
			800	1451
			800	1452
			800	1453
			800	1454
			800	1455
			800	1456
			800	1457
			800	1458
			799	1459
			799	1460
			799	1461
			799	1462
			799	1463
			799	1464
			799	1465
			799	1466
			799	1467
			799	1468
			799	1469
			799	1470
			799	1471
			798	1472
			798	1473
			798	1474
			798	1475
			798	1476
			798	1477
			798	1478
			798	1479
			798	1480
			798	1481
			798	1482
			798	1483
			797	1484
			797	1485
			797	1486
			797	1487
			797	1488
			797	1489
			797	1490
			797	1491
			797	1492
			797	1493
			797	1494
			797	1495
			797	1496
			796	1496
			796	1497
			796	1498
			796	1499
			796	1500
			796	1501
			796	1502
			796	1503
			796	1504
			796	1505
			796	1506
			796	1507
			795	1508
			795	1509
			795	1510
			795	1511
			795	1512
			795	1513
			795	1514
			795	1515
			795	1516
			795	1517
			795	1518
			795	1519
			794	1520
			794	1521
			794	1522
			794	1523
			794	1524
			794	1525
			794	1526
			794	1527
			794	1528
			794	1529
			793	1530
			793	1531
			793	1532
			793	1533
			793	1534
			793	1535
			793	1536
			793	1537
			793	1538
			793	1539
			792	1540
			792	1541
			792	1542
			792	1543
			792	1544
			792	1545
			792	1546
			792	1547
			792	1548
			792	1549
			792	1550
			791	1551
			791	1552
			791	1553
			791	1554
			791	1555
			791	1556
			791	1557
			791	1558
			791	1559
			791	1560
			790	1560
			790	1561
			790	1562
			790	1563
			790	1564
			790	1565
			790	1566
			790	1567
			790	1568
			789	1569
			789	1570
			789	1571
			789	1572
			789	1573
			789	1574
			789	1575
			789	1576
			789	1577
			788	1578
			788	1579
			788	1580
			788	1581
			788	1582
			788	1583
			788	1584
			788	1585
			788	1586
			787	1587
			787	1588
			787	1589
			787	1590
			787	1591
			787	1592
			787	1593
			787	1594
			787	1595
			786	1595
			786	1596
			786	1597
			786	1598
			786	1599
			786	1600
			786	1601
			786	1602
			785	1603
			785	1604
			785	1605
			785	1606
			785	1607
			785	1608
			785	1609
			785	1610
			784	1611
			784	1612
			784	1613
			784	1614
			784	1615
			784	1616
			784	1617
			783	1617
			783	1618
			783	1619
			783	1620
			783	1621
			783	1622
			783	1623
			783	1624
			782	1625
			782	1626
			782	1627
			782	1628
			782	1629
			782	1630
			781	1631
			781	1632
			781	1633
			781	1634
			781	1635
			781	1636
			781	1637
			780	1638
			780	1639
			780	1640
			780	1641
			780	1642
			780	1643
			779	1644
			779	1645
			779	1646
			779	1647
			779	1648
			779	1649
			778	1650
			778	1651
			778	1652
			778	1653
			778	1654
			777	1655
			777	1656
			777	1657
			777	1658
			777	1659
			777	1660
			776	1661
			776	1662
			776	1663
			776	1664
			776	1665
			775	1666
			775	1667
			775	1668
			775	1669
			775	1670
			774	1671
			774	1672
			774	1673
			774	1674
			774	1675
			773	1676
			773	1677
			773	1678
			773	1679
			773	1680
			772	1680
			772	1681
			772	1682
			772	1683
			772	1684
			771	1684
			771	1685
			771	1686
			771	1687
			771	1688
			770	1689
			770	1690
			770	1691
			770	1692
			769	1693
			769	1694
			769	1695
			768	1696
			768	1697
			768	1698
			768	1699
			767	1700
			767	1701
			767	1702
			766	1703
			766	1704
			766	1705
			766	1706
			765	1707
			765	1708
			764	1709
			764	1710
			764	1711
			763	1712
			763	1713
			763	1714
			762	1715
			762	1716
			762	1717
			761	1718
			761	1719
			760	1720
			760	1721
			759	1722
			759	1723
			759	1724
			758	1725
			757	1726
			757	1727
			756	1728
			756	1729
			755	1730
			754	1731
			753	1732
			752	1733
			752	1734
			751	1735
			750	1735
			750	1736
			749	1736
			748	1737
			747	1737
			746	1738
			745	1738
			744	1738
		</curveLM04>
	</curves.pixel>
	<curves.scaled type=list>
		<curveLM03 type=matrix rownames=FALSE colnames=FALSE nrow=967 ncol=2 as.numeric=TRUE >
			13.5246813250336	-31.5939464286403
			13.5065029899193	-31.5939464286403
			13.5065029899193	-31.6121247637546
			13.488324654805	-31.6121247637546
			13.4701463196907	-31.6303030988689
			13.4519679845764	-31.6303030988689
			13.4337896494621	-31.6121247637546
			13.4156113143478	-31.6121247637546
			13.3974329792335	-31.5939464286403
			13.3792546441192	-31.575768093526
			13.3610763090049	-31.5575897584117
			13.3610763090049	-31.5394114232974
			13.3610763090049	-31.5212330881831
			13.3428979738907	-31.5030547530688
			13.3428979738907	-31.4848764179545
			13.3247196387764	-31.4848764179545
			13.3247196387764	-31.4666980828402
			13.3247196387764	-31.4485197477259
			13.3065413036621	-31.4303414126116
			13.3065413036621	-31.4121630774973
			13.3065413036621	-31.3939847423831
			13.2883629685478	-31.3758064072688
			13.2883629685478	-31.3576280721545
			13.2883629685478	-31.3394497370402
			13.2701846334335	-31.3212714019259
			13.2701846334335	-31.3030930668116
			13.2701846334335	-31.2849147316973
			13.2701846334335	-31.266736396583
			13.2520062983192	-31.2485580614687
			13.2520062983192	-31.2303797263544
			13.2520062983192	-31.2122013912401
			13.2338279632049	-31.1940230561258
			13.2338279632049	-31.1758447210115
			13.2338279632049	-31.1576663858972
			13.2338279632049	-31.139488050783
			13.2156496280906	-31.1213097156687
			13.2156496280906	-31.1031313805544
			13.2156496280906	-31.0849530454401
			13.2156496280906	-31.0667747103258
			13.2156496280906	-31.0485963752115
			13.1974712929763	-31.0304180400972
			13.1974712929763	-31.0122397049829
			13.1974712929763	-30.9940613698686
			13.1974712929763	-30.9758830347543
			13.1974712929763	-30.95770469964
			13.179292957862	-30.9395263645257
			13.179292957862	-30.9213480294114
			13.179292957862	-30.9031696942972
			13.179292957862	-30.8849913591829
			13.179292957862	-30.8668130240686
			13.1611146227477	-30.8486346889543
			13.1611146227477	-30.83045635384
			13.1611146227477	-30.8122780187257
			13.1611146227477	-30.7940996836114
			13.1611146227477	-30.7759213484971
			13.1611146227477	-30.7577430133828
			13.1429362876334	-30.7395646782685
			13.1429362876334	-30.7213863431542
			13.1429362876334	-30.7032080080399
			13.1429362876334	-30.6850296729256
			13.1429362876334	-30.6668513378114
			13.1429362876334	-30.6486730026971
			13.1247579525191	-30.6304946675828
			13.1247579525191	-30.6123163324685
			13.1247579525191	-30.5941379973542
			13.1247579525191	-30.5759596622399
			13.1247579525191	-30.5577813271256
			13.1065796174049	-30.5396029920113
			13.1065796174049	-30.521424656897
			13.1065796174049	-30.5032463217827
			13.1065796174049	-30.4850679866684
			13.1065796174049	-30.4668896515541
			13.1065796174049	-30.4487113164398
			13.1065796174049	-30.4305329813256
			13.1065796174049	-30.4123546462113
			13.0884012822906	-30.4123546462113
			13.0884012822906	-30.394176311097
			13.0884012822906	-30.3759979759827
			13.0884012822906	-30.3578196408684
			13.0884012822906	-30.3396413057541
			13.0884012822906	-30.3214629706398
			13.0884012822906	-30.3032846355255
			13.0884012822906	-30.2851063004112
			13.0702229471763	-30.2669279652969
			13.0702229471763	-30.2487496301826
			13.0702229471763	-30.2305712950683
			13.0702229471763	-30.212392959954
			13.0702229471763	-30.1942146248397
			13.0702229471763	-30.1760362897255
			13.0702229471763	-30.1578579546112
			13.052044612062	-30.1396796194969
			13.052044612062	-30.1215012843826
			13.052044612062	-30.1033229492683
			13.052044612062	-30.085144614154
			13.052044612062	-30.0669662790397
			13.052044612062	-30.0487879439254
			13.052044612062	-30.0306096088111
			13.052044612062	-30.0124312736968
			13.0338662769477	-29.9942529385825
			13.0338662769477	-29.9760746034682
			13.0338662769477	-29.9578962683539
			13.0338662769477	-29.9397179332397
			13.0338662769477	-29.9215395981254
			13.0338662769477	-29.9033612630111
			13.0338662769477	-29.8851829278968
			13.0338662769477	-29.8670045927825
			13.0156879418334	-29.8488262576682
			13.0156879418334	-29.8306479225539
			13.0156879418334	-29.8124695874396
			13.0156879418334	-29.7942912523253
			13.0156879418334	-29.776112917211
			13.0156879418334	-29.7579345820967
			13.0156879418334	-29.7397562469824
			13.0156879418334	-29.7215779118681
			13.0156879418334	-29.7033995767539
			12.9975096067191	-29.6852212416396
			12.9975096067191	-29.6670429065253
			12.9975096067191	-29.648864571411
			12.9975096067191	-29.6306862362967
			12.9975096067191	-29.6125079011824
			12.9975096067191	-29.5943295660681
			12.9975096067191	-29.5761512309538
			12.9975096067191	-29.5579728958395
			12.9975096067191	-29.5397945607252
			12.9793312716048	-29.5216162256109
			12.9793312716048	-29.5034378904966
			12.9793312716048	-29.4852595553823
			12.9793312716048	-29.4670812202681
			12.9793312716048	-29.4489028851538
			12.9793312716048	-29.4307245500395
			12.9793312716048	-29.4125462149252
			12.9793312716048	-29.3943678798109
			12.9793312716048	-29.3761895446966
			12.9611529364905	-29.3580112095823
			12.9611529364905	-29.339832874468
			12.9611529364905	-29.3216545393537
			12.9611529364905	-29.3034762042394
			12.9611529364905	-29.2852978691251
			12.9611529364905	-29.2671195340108
			12.9611529364905	-29.2489411988965
			12.9611529364905	-29.2307628637822
			12.9611529364905	-29.212584528668
			12.9611529364905	-29.1944061935537
			12.9611529364905	-29.1762278584394
			12.9429746013762	-29.1580495233251
			12.9429746013762	-29.1398711882108
			12.9429746013762	-29.1216928530965
			12.9429746013762	-29.1035145179822
			12.9429746013762	-29.0853361828679
			12.9429746013762	-29.0671578477536
			12.9429746013762	-29.0489795126393
			12.9429746013762	-29.030801177525
			12.9429746013762	-29.0126228424107
			12.9429746013762	-28.9944445072964
			12.9247962662619	-28.9762661721822
			12.9247962662619	-28.9580878370679
			12.9247962662619	-28.9399095019536
			12.9247962662619	-28.9217311668393
			12.9247962662619	-28.903552831725
			12.9247962662619	-28.8853744966107
			12.9247962662619	-28.8671961614964
			12.9247962662619	-28.8490178263821
			12.9247962662619	-28.8308394912678
			12.9247962662619	-28.8126611561535
			12.9247962662619	-28.7944828210392
			12.9066179311476	-28.7763044859249
			12.9066179311476	-28.7581261508106
			12.9066179311476	-28.7399478156964
			12.9066179311476	-28.7217694805821
			12.9066179311476	-28.7035911454678
			12.9066179311476	-28.6854128103535
			12.9066179311476	-28.6672344752392
			12.9066179311476	-28.6490561401249
			12.9066179311476	-28.6308778050106
			12.9066179311476	-28.6126994698963
			12.9066179311476	-28.594521134782
			12.8884395960333	-28.5763427996677
			12.8884395960333	-28.5581644645534
			12.8884395960333	-28.5399861294391
			12.8884395960333	-28.5218077943248
			12.8884395960333	-28.5036294592106
			12.8884395960333	-28.4854511240963
			12.8884395960333	-28.467272788982
			12.8884395960333	-28.4490944538677
			12.8884395960333	-28.4309161187534
			12.8884395960333	-28.4127377836391
			12.8884395960333	-28.3945594485248
			12.8884395960333	-28.3763811134105
			12.8702612609191	-28.3582027782962
			12.8702612609191	-28.3400244431819
			12.8702612609191	-28.3218461080676
			12.8702612609191	-28.3036677729533
			12.8702612609191	-28.285489437839
			12.8702612609191	-28.2673111027248
			12.8702612609191	-28.2491327676105
			12.8702612609191	-28.2309544324962
			12.8702612609191	-28.2127760973819
			12.8702612609191	-28.1945977622676
			12.8702612609191	-28.1764194271533
			12.8702612609191	-28.158241092039
			12.8520829258048	-28.1400627569247
			12.8520829258048	-28.1218844218104
			12.8520829258048	-28.1037060866961
			12.8520829258048	-28.0855277515818
			12.8520829258048	-28.0673494164675
			12.8520829258048	-28.0491710813532
			12.8520829258048	-28.0309927462389
			12.8520829258048	-28.0128144111247
			12.8520829258048	-27.9946360760104
			12.8520829258048	-27.9764577408961
			12.8520829258048	-27.9582794057818
			12.8520829258048	-27.9401010706675
			12.8520829258048	-27.9219227355532
			12.8339045906905	-27.9037444004389
			12.8339045906905	-27.8855660653246
			12.8339045906905	-27.8673877302103
			12.8339045906905	-27.849209395096
			12.8339045906905	-27.8310310599817
			12.8339045906905	-27.8128527248674
			12.8339045906905	-27.7946743897531
			12.8339045906905	-27.7764960546389
			12.8339045906905	-27.7583177195246
			12.8339045906905	-27.7401393844103
			12.8339045906905	-27.721961049296
			12.8339045906905	-27.7037827141817
			12.8339045906905	-27.6856043790674
			12.8157262555762	-27.6674260439531
			12.8157262555762	-27.6492477088388
			12.8157262555762	-27.6310693737245
			12.8157262555762	-27.6128910386102
			12.8157262555762	-27.5947127034959
			12.8157262555762	-27.5765343683816
			12.8157262555762	-27.5583560332673
			12.8157262555762	-27.5401776981531
			12.8157262555762	-27.5219993630388
			12.8157262555762	-27.5038210279245
			12.8157262555762	-27.4856426928102
			12.8157262555762	-27.4674643576959
			12.8157262555762	-27.4492860225816
			12.8157262555762	-27.4311076874673
			12.7975479204619	-27.4311076874673
			12.7975479204619	-27.412929352353
			12.7975479204619	-27.3947510172387
			12.7975479204619	-27.3765726821244
			12.7975479204619	-27.3583943470101
			12.7975479204619	-27.3402160118958
			12.7975479204619	-27.3220376767815
			12.7975479204619	-27.3038593416673
			12.7975479204619	-27.285681006553
			12.7975479204619	-27.2675026714387
			12.7975479204619	-27.2493243363244
			12.7975479204619	-27.2311460012101
			12.7975479204619	-27.2129676660958
			12.7975479204619	-27.1947893309815
			12.7793695853476	-27.1766109958672
			12.7793695853476	-27.1584326607529
			12.7793695853476	-27.1402543256386
			12.7793695853476	-27.1220759905243
			12.7793695853476	-27.10389765541
			12.7793695853476	-27.0857193202957
			12.7793695853476	-27.0675409851814
			12.7793695853476	-27.0493626500672
			12.7793695853476	-27.0311843149529
			12.7793695853476	-27.0130059798386
			12.7793695853476	-26.9948276447243
			12.7793695853476	-26.97664930961
			12.7793695853476	-26.9584709744957
			12.7793695853476	-26.9402926393814
			12.7793695853476	-26.9221143042671
			12.7611912502333	-26.9039359691528
			12.7611912502333	-26.8857576340385
			12.7611912502333	-26.8675792989242
			12.7611912502333	-26.8494009638099
			12.7611912502333	-26.8312226286956
			12.7611912502333	-26.8130442935814
			12.7611912502333	-26.7948659584671
			12.7611912502333	-26.7766876233528
			12.7611912502333	-26.7585092882385
			12.7611912502333	-26.7403309531242
			12.7611912502333	-26.7221526180099
			12.7611912502333	-26.7039742828956
			12.7611912502333	-26.6857959477813
			12.7611912502333	-26.667617612667
			12.7611912502333	-26.6494392775527
			12.743012915119	-26.6312609424384
			12.743012915119	-26.6130826073241
			12.743012915119	-26.5949042722098
			12.743012915119	-26.5767259370956
			12.743012915119	-26.5585476019813
			12.743012915119	-26.540369266867
			12.743012915119	-26.5221909317527
			12.743012915119	-26.5040125966384
			12.743012915119	-26.4858342615241
			12.743012915119	-26.4676559264098
			12.743012915119	-26.4494775912955
			12.743012915119	-26.4312992561812
			12.743012915119	-26.4131209210669
			12.743012915119	-26.3949425859526
			12.743012915119	-26.3767642508383
			12.743012915119	-26.358585915724
			12.7248345800047	-26.3404075806097
			12.7248345800047	-26.3222292454955
			12.7248345800047	-26.3040509103812
			12.7248345800047	-26.2858725752669
			12.7248345800047	-26.2676942401526
			12.7248345800047	-26.2495159050383
			12.7248345800047	-26.231337569924
			12.7248345800047	-26.2131592348097
			12.7248345800047	-26.1949808996954
			12.7248345800047	-26.1768025645811
			12.7248345800047	-26.1586242294668
			12.7248345800047	-26.1404458943525
			12.7248345800047	-26.1222675592382
			12.7248345800047	-26.1040892241239
			12.7248345800047	-26.0859108890097
			12.7248345800047	-26.0677325538954
			12.7066562448904	-26.0495542187811
			12.7066562448904	-26.0313758836668
			12.7066562448904	-26.0131975485525
			12.7066562448904	-25.9950192134382
			12.7066562448904	-25.9768408783239
			12.7066562448904	-25.9586625432096
			12.7066562448904	-25.9404842080953
			12.7066562448904	-25.922305872981
			12.7066562448904	-25.9041275378667
			12.7066562448904	-25.8859492027524
			12.7066562448904	-25.8677708676381
			12.7066562448904	-25.8495925325239
			12.7066562448904	-25.8314141974096
			12.7066562448904	-25.8132358622953
			12.7066562448904	-25.795057527181
			12.7066562448904	-25.7768791920667
			12.7066562448904	-25.7587008569524
			12.6884779097761	-25.7405225218381
			12.6884779097761	-25.7223441867238
			12.6884779097761	-25.7041658516095
			12.6884779097761	-25.6859875164952
			12.6884779097761	-25.6678091813809
			12.6884779097761	-25.6496308462666
			12.6884779097761	-25.6314525111523
			12.6884779097761	-25.6132741760381
			12.6884779097761	-25.5950958409238
			12.6884779097761	-25.5769175058095
			12.6884779097761	-25.5587391706952
			12.6884779097761	-25.5405608355809
			12.6884779097761	-25.5223825004666
			12.6884779097761	-25.5042041653523
			12.6884779097761	-25.486025830238
			12.6884779097761	-25.4678474951237
			12.6702995746618	-25.4496691600094
			12.6702995746618	-25.4314908248951
			12.6702995746618	-25.4133124897808
			12.6702995746618	-25.3951341546665
			12.6702995746618	-25.3769558195523
			12.6702995746618	-25.358777484438
			12.6702995746618	-25.3405991493237
			12.6702995746618	-25.3224208142094
			12.6702995746618	-25.3042424790951
			12.6702995746618	-25.2860641439808
			12.6702995746618	-25.2678858088665
			12.6702995746618	-25.2497074737522
			12.6702995746618	-25.2315291386379
			12.6702995746618	-25.2133508035236
			12.6702995746618	-25.1951724684093
			12.6702995746618	-25.176994133295
			12.6702995746618	-25.1588157981807
			12.6702995746618	-25.1406374630665
			12.6521212395475	-25.1224591279522
			12.6521212395475	-25.1042807928379
			12.6521212395475	-25.0861024577236
			12.6521212395475	-25.0679241226093
			12.6521212395475	-25.049745787495
			12.6521212395475	-25.0315674523807
			12.6521212395475	-25.0133891172664
			12.6521212395475	-24.9952107821521
			12.6521212395475	-24.9770324470378
			12.6521212395475	-24.9588541119235
			12.6521212395475	-24.9406757768092
			12.6521212395475	-24.9224974416949
			12.6521212395475	-24.9043191065806
			12.6521212395475	-24.8861407714664
			12.6521212395475	-24.8679624363521
			12.6521212395475	-24.8497841012378
			12.6521212395475	-24.8316057661235
			12.6521212395475	-24.8134274310092
			12.6521212395475	-24.7952490958949
			12.6339429044332	-24.7770707607806
			12.6339429044332	-24.7588924256663
			12.6339429044332	-24.740714090552
			12.6339429044332	-24.7225357554377
			12.6339429044332	-24.7043574203234
			12.6339429044332	-24.6861790852091
			12.6339429044332	-24.6680007500948
			12.6339429044332	-24.6498224149806
			12.6339429044332	-24.6316440798663
			12.6339429044332	-24.613465744752
			12.6339429044332	-24.5952874096377
			12.6339429044332	-24.5771090745234
			12.6339429044332	-24.5589307394091
			12.6339429044332	-24.5407524042948
			12.6339429044332	-24.5225740691805
			12.6339429044332	-24.5043957340662
			12.6339429044332	-24.4862173989519
			12.6339429044332	-24.4680390638376
			12.615764569319	-24.4498607287233
			12.615764569319	-24.431682393609
			12.615764569319	-24.4135040584948
			12.615764569319	-24.3953257233805
			12.615764569319	-24.3771473882662
			12.615764569319	-24.3589690531519
			12.615764569319	-24.3407907180376
			12.615764569319	-24.3226123829233
			12.615764569319	-24.304434047809
			12.615764569319	-24.2862557126947
			12.615764569319	-24.2680773775804
			12.615764569319	-24.2498990424661
			12.615764569319	-24.2317207073518
			12.615764569319	-24.2135423722375
			12.615764569319	-24.1953640371232
			12.615764569319	-24.177185702009
			12.615764569319	-24.1590073668947
			12.615764569319	-24.1408290317804
			12.615764569319	-24.1226506966661
			12.615764569319	-24.1044723615518
			12.5975862342047	-24.0862940264375
			12.5975862342047	-24.0681156913232
			12.5975862342047	-24.0499373562089
			12.5975862342047	-24.0317590210946
			12.5975862342047	-24.0135806859803
			12.5975862342047	-23.995402350866
			12.5975862342047	-23.9772240157517
			12.5975862342047	-23.9590456806374
			12.5975862342047	-23.9408673455231
			12.5975862342047	-23.9226890104089
			12.5975862342047	-23.9045106752946
			12.5975862342047	-23.8863323401803
			12.5975862342047	-23.868154005066
			12.5975862342047	-23.8499756699517
			12.5975862342047	-23.8317973348374
			12.5975862342047	-23.8136189997231
			12.5975862342047	-23.7954406646088
			12.5975862342047	-23.7772623294945
			12.5975862342047	-23.7590839943802
			12.5975862342047	-23.7409056592659
			12.5794078990904	-23.7227273241516
			12.5794078990904	-23.7045489890373
			12.5794078990904	-23.6863706539231
			12.5794078990904	-23.6681923188088
			12.5794078990904	-23.6500139836945
			12.5794078990904	-23.6318356485802
			12.5794078990904	-23.6136573134659
			12.5794078990904	-23.5954789783516
			12.5794078990904	-23.5773006432373
			12.5794078990904	-23.559122308123
			12.5794078990904	-23.5409439730087
			12.5794078990904	-23.5227656378944
			12.5794078990904	-23.5045873027801
			12.5794078990904	-23.4864089676658
			12.5794078990904	-23.4682306325515
			12.5794078990904	-23.4500522974373
			12.5794078990904	-23.431873962323
			12.5794078990904	-23.4136956272087
			12.5794078990904	-23.3955172920944
			12.5794078990904	-23.3773389569801
			12.5794078990904	-23.3591606218658
			12.5612295639761	-23.3409822867515
			12.5612295639761	-23.3228039516372
			12.5612295639761	-23.3046256165229
			12.5612295639761	-23.2864472814086
			12.5612295639761	-23.2682689462943
			12.5612295639761	-23.25009061118
			12.5612295639761	-23.2319122760657
			12.5612295639761	-23.2137339409514
			12.5612295639761	-23.1955556058372
			12.5612295639761	-23.1773772707229
			12.5612295639761	-23.1591989356086
			12.5612295639761	-23.1410206004943
			12.5612295639761	-23.12284226538
			12.5612295639761	-23.1046639302657
			12.5612295639761	-23.0864855951514
			12.5612295639761	-23.0683072600371
			12.5612295639761	-23.0501289249228
			12.5612295639761	-23.0319505898085
			12.5612295639761	-23.0137722546942
			12.5612295639761	-22.9955939195799
			12.5612295639761	-22.9774155844656
			12.5430512288618	-22.9592372493514
			12.5430512288618	-22.9410589142371
			12.5430512288618	-22.9228805791228
			12.5430512288618	-22.9047022440085
			12.5430512288618	-22.8865239088942
			12.5430512288618	-22.8683455737799
			12.5430512288618	-22.8501672386656
			12.5430512288618	-22.8319889035513
			12.5430512288618	-22.813810568437
			12.5430512288618	-22.7956322333227
			12.5430512288618	-22.7774538982084
			12.5430512288618	-22.7592755630941
			12.5430512288618	-22.7410972279798
			12.5430512288618	-22.7229188928656
			12.5430512288618	-22.7047405577513
			12.5430512288618	-22.686562222637
			12.5430512288618	-22.6683838875227
			12.5430512288618	-22.6502055524084
			12.5430512288618	-22.6320272172941
			12.5430512288618	-22.6138488821798
			12.5430512288618	-22.5956705470655
			12.5248728937475	-22.5774922119512
			12.5248728937475	-22.5593138768369
			12.5248728937475	-22.5411355417226
			12.5248728937475	-22.5229572066083
			12.5248728937475	-22.504778871494
			12.5248728937475	-22.4866005363798
			12.5248728937475	-22.4684222012655
			12.5248728937475	-22.4502438661512
			12.5248728937475	-22.4320655310369
			12.5248728937475	-22.4138871959226
			12.5248728937475	-22.3957088608083
			12.5248728937475	-22.377530525694
			12.5248728937475	-22.3593521905797
			12.5248728937475	-22.3411738554654
			12.5248728937475	-22.3229955203511
			12.5248728937475	-22.3048171852368
			12.5248728937475	-22.2866388501225
			12.5248728937475	-22.2684605150082
			12.5248728937475	-22.250282179894
			12.5248728937475	-22.2321038447797
			12.5248728937475	-22.2139255096654
			12.5248728937475	-22.1957471745511
			12.5248728937475	-22.1775688394368
			12.5248728937475	-22.1593905043225
			12.5248728937475	-22.1412121692082
			12.5248728937475	-22.1230338340939
			12.5248728937475	-22.1048554989796
			12.5430512288618	-22.0866771638653
			12.5430512288618	-22.068498828751
			12.5430512288618	-22.0503204936367
			12.5430512288618	-22.0321421585224
			12.5430512288618	-22.0139638234082
			12.5430512288618	-21.9957854882939
			12.5430512288618	-21.9776071531796
			12.5430512288618	-21.9594288180653
			12.5430512288618	-21.941250482951
			12.5430512288618	-21.9230721478367
			12.5430512288618	-21.9048938127224
			12.5430512288618	-21.8867154776081
			12.5430512288618	-21.8685371424938
			12.5430512288618	-21.8503588073795
			12.5430512288618	-21.8321804722652
			12.5430512288618	-21.8140021371509
			12.5430512288618	-21.7958238020366
			12.5430512288618	-21.7776454669223
			12.5430512288618	-21.7594671318081
			12.5430512288618	-21.7412887966938
			12.5430512288618	-21.7231104615795
			12.5430512288618	-21.7049321264652
			12.5430512288618	-21.6867537913509
			12.5430512288618	-21.6685754562366
			12.5430512288618	-21.6503971211223
			12.5430512288618	-21.632218786008
			12.5430512288618	-21.6140404508937
			12.5612295639761	-21.5958621157794
			12.5612295639761	-21.5776837806651
			12.5612295639761	-21.5595054455508
			12.5612295639761	-21.5413271104365
			12.5612295639761	-21.5231487753223
			12.5612295639761	-21.504970440208
			12.5612295639761	-21.4867921050937
			12.5612295639761	-21.4686137699794
			12.5612295639761	-21.4504354348651
			12.5612295639761	-21.4322570997508
			12.5612295639761	-21.4140787646365
			12.5612295639761	-21.3959004295222
			12.5612295639761	-21.3777220944079
			12.5612295639761	-21.3595437592936
			12.5612295639761	-21.3413654241793
			12.5612295639761	-21.323187089065
			12.5612295639761	-21.3050087539507
			12.5612295639761	-21.2868304188365
			12.5612295639761	-21.2686520837222
			12.5612295639761	-21.2504737486079
			12.5612295639761	-21.2322954134936
			12.5612295639761	-21.2141170783793
			12.5612295639761	-21.195938743265
			12.5612295639761	-21.1777604081507
			12.5612295639761	-21.1595820730364
			12.5612295639761	-21.1414037379221
			12.5794078990904	-21.1232254028078
			12.5794078990904	-21.1050470676935
			12.5794078990904	-21.0868687325792
			12.5794078990904	-21.0686903974649
			12.5794078990904	-21.0505120623506
			12.5794078990904	-21.0323337272364
			12.5794078990904	-21.0141553921221
			12.5794078990904	-20.9959770570078
			12.5794078990904	-20.9777987218935
			12.5794078990904	-20.9596203867792
			12.5794078990904	-20.9414420516649
			12.5794078990904	-20.9232637165506
			12.5794078990904	-20.9050853814363
			12.5794078990904	-20.886907046322
			12.5794078990904	-20.8687287112077
			12.5794078990904	-20.8505503760934
			12.5794078990904	-20.8323720409791
			12.5794078990904	-20.8141937058648
			12.5794078990904	-20.7960153707506
			12.5794078990904	-20.7778370356363
			12.5794078990904	-20.759658700522
			12.5794078990904	-20.7414803654077
			12.5794078990904	-20.7233020302934
			12.5975862342047	-20.7051236951791
			12.5975862342047	-20.6869453600648
			12.5975862342047	-20.6687670249505
			12.5975862342047	-20.6505886898362
			12.5975862342047	-20.6324103547219
			12.5975862342047	-20.6142320196076
			12.5975862342047	-20.5960536844933
			12.5975862342047	-20.577875349379
			12.5975862342047	-20.5596970142648
			12.5975862342047	-20.5415186791505
			12.5975862342047	-20.5233403440362
			12.5975862342047	-20.5051620089219
			12.5975862342047	-20.4869836738076
			12.5975862342047	-20.4688053386933
			12.5975862342047	-20.450627003579
			12.5975862342047	-20.4324486684647
			12.5975862342047	-20.4142703333504
			12.5975862342047	-20.3960919982361
			12.5975862342047	-20.3779136631218
			12.5975862342047	-20.3597353280075
			12.5975862342047	-20.3415569928932
			12.615764569319	-20.323378657779
			12.615764569319	-20.3052003226647
			12.615764569319	-20.2870219875504
			12.615764569319	-20.2688436524361
			12.615764569319	-20.2506653173218
			12.615764569319	-20.2324869822075
			12.615764569319	-20.2143086470932
			12.615764569319	-20.1961303119789
			12.615764569319	-20.1779519768646
			12.615764569319	-20.1597736417503
			12.615764569319	-20.141595306636
			12.615764569319	-20.1234169715217
			12.615764569319	-20.1052386364074
			12.615764569319	-20.0870603012931
			12.615764569319	-20.0688819661789
			12.615764569319	-20.0507036310646
			12.615764569319	-20.0325252959503
			12.615764569319	-20.014346960836
			12.615764569319	-19.9961686257217
			12.615764569319	-19.9779902906074
			12.6339429044332	-19.9598119554931
			12.6339429044332	-19.9416336203788
			12.6339429044332	-19.9234552852645
			12.6339429044332	-19.9052769501502
			12.6339429044332	-19.8870986150359
			12.6339429044332	-19.8689202799216
			12.6339429044332	-19.8507419448073
			12.6339429044332	-19.8325636096931
			12.6339429044332	-19.8143852745788
			12.6339429044332	-19.7962069394645
			12.6339429044332	-19.7780286043502
			12.6339429044332	-19.7598502692359
			12.6339429044332	-19.7416719341216
			12.6339429044332	-19.7234935990073
			12.6339429044332	-19.705315263893
			12.6339429044332	-19.6871369287787
			12.6339429044332	-19.6689585936644
			12.6339429044332	-19.6507802585501
			12.6521212395475	-19.6326019234358
			12.6521212395475	-19.6144235883215
			12.6521212395475	-19.5962452532073
			12.6521212395475	-19.578066918093
			12.6521212395475	-19.5598885829787
			12.6521212395475	-19.5417102478644
			12.6521212395475	-19.5235319127501
			12.6521212395475	-19.5053535776358
			12.6521212395475	-19.4871752425215
			12.6521212395475	-19.4689969074072
			12.6521212395475	-19.4508185722929
			12.6521212395475	-19.4326402371786
			12.6521212395475	-19.4144619020643
			12.6521212395475	-19.39628356695
			12.6521212395475	-19.3781052318357
			12.6521212395475	-19.3599268967215
			12.6521212395475	-19.3417485616072
			12.6702995746618	-19.3235702264929
			12.6702995746618	-19.3053918913786
			12.6702995746618	-19.2872135562643
			12.6702995746618	-19.26903522115
			12.6702995746618	-19.2508568860357
			12.6702995746618	-19.2326785509214
			12.6702995746618	-19.2145002158071
			12.6702995746618	-19.1963218806928
			12.6702995746618	-19.1781435455785
			12.6702995746618	-19.1599652104642
			12.6702995746618	-19.1417868753499
			12.6702995746618	-19.1236085402357
			12.6702995746618	-19.1054302051214
			12.6702995746618	-19.0872518700071
			12.6702995746618	-19.0690735348928
			12.6702995746618	-19.0508951997785
			12.6884779097761	-19.0327168646642
			12.6884779097761	-19.0145385295499
			12.6884779097761	-18.9963601944356
			12.6884779097761	-18.9781818593213
			12.6884779097761	-18.960003524207
			12.6884779097761	-18.9418251890927
			12.6884779097761	-18.9236468539784
			12.6884779097761	-18.9054685188641
			12.6884779097761	-18.8872901837498
			12.6884779097761	-18.8691118486356
			12.6884779097761	-18.8509335135213
			12.6884779097761	-18.832755178407
			12.6884779097761	-18.8145768432927
			12.6884779097761	-18.7963985081784
			12.6884779097761	-18.7782201730641
			12.7066562448904	-18.7600418379498
			12.7066562448904	-18.7418635028355
			12.7066562448904	-18.7236851677212
			12.7066562448904	-18.7055068326069
			12.7066562448904	-18.6873284974926
			12.7066562448904	-18.6691501623783
			12.7066562448904	-18.650971827264
			12.7066562448904	-18.6327934921498
			12.7066562448904	-18.6146151570355
			12.7066562448904	-18.5964368219212
			12.7066562448904	-18.5782584868069
			12.7066562448904	-18.5600801516926
			12.7066562448904	-18.5419018165783
			12.7066562448904	-18.523723481464
			12.7248345800047	-18.5055451463497
			12.7248345800047	-18.4873668112354
			12.7248345800047	-18.4691884761211
			12.7248345800047	-18.4510101410068
			12.7248345800047	-18.4328318058925
			12.7248345800047	-18.4146534707782
			12.7248345800047	-18.396475135664
			12.7248345800047	-18.3782968005497
			12.7248345800047	-18.3601184654354
			12.7248345800047	-18.3419401303211
			12.7248345800047	-18.3237617952068
			12.7248345800047	-18.3055834600925
			12.7248345800047	-18.2874051249782
			12.743012915119	-18.2692267898639
			12.743012915119	-18.2510484547496
			12.743012915119	-18.2328701196353
			12.743012915119	-18.214691784521
			12.743012915119	-18.1965134494067
			12.743012915119	-18.1783351142924
			12.743012915119	-18.1601567791782
			12.743012915119	-18.1419784440639
			12.743012915119	-18.1238001089496
			12.743012915119	-18.1056217738353
			12.743012915119	-18.087443438721
			12.743012915119	-18.0692651036067
			12.743012915119	-18.0510867684924
			12.7611912502333	-18.0329084333781
			12.7611912502333	-18.0147300982638
			12.7611912502333	-17.9965517631495
			12.7611912502333	-17.9783734280352
			12.7611912502333	-17.9601950929209
			12.7611912502333	-17.9420167578066
			12.7611912502333	-17.9238384226923
			12.7611912502333	-17.9056600875781
			12.7611912502333	-17.8874817524638
			12.7611912502333	-17.8693034173495
			12.7611912502333	-17.8511250822352
			12.7611912502333	-17.8329467471209
			12.7793695853476	-17.8147684120066
			12.7793695853476	-17.7965900768923
			12.7793695853476	-17.778411741778
			12.7793695853476	-17.7602334066637
			12.7793695853476	-17.7420550715494
			12.7793695853476	-17.7238767364351
			12.7793695853476	-17.7056984013208
			12.7793695853476	-17.6875200662065
			12.7793695853476	-17.6693417310923
			12.7793695853476	-17.651163395978
			12.7793695853476	-17.6329850608637
			12.7975479204619	-17.6148067257494
			12.7975479204619	-17.5966283906351
			12.7975479204619	-17.5784500555208
			12.7975479204619	-17.5602717204065
			12.7975479204619	-17.5420933852922
			12.7975479204619	-17.5239150501779
			12.7975479204619	-17.5057367150636
			12.7975479204619	-17.4875583799493
			12.7975479204619	-17.469380044835
			12.7975479204619	-17.4512017097207
			12.8157262555762	-17.4330233746065
			12.8157262555762	-17.4148450394922
			12.8157262555762	-17.3966667043779
			12.8157262555762	-17.3784883692636
			12.8157262555762	-17.3603100341493
			12.8157262555762	-17.342131699035
			12.8157262555762	-17.3239533639207
			12.8157262555762	-17.3057750288064
			12.8157262555762	-17.2875966936921
			12.8157262555762	-17.2694183585778
			12.8157262555762	-17.2512400234635
			12.8339045906905	-17.2330616883492
			12.8339045906905	-17.2148833532349
			12.8339045906905	-17.1967050181207
			12.8339045906905	-17.1785266830064
			12.8339045906905	-17.1603483478921
			12.8339045906905	-17.1421700127778
			12.8339045906905	-17.1239916776635
			12.8339045906905	-17.1058133425492
			12.8339045906905	-17.0876350074349
			12.8520829258048	-17.0694566723206
			12.8520829258048	-17.0512783372063
			12.8520829258048	-17.033100002092
			12.8520829258048	-17.0149216669777
			12.8520829258048	-16.9967433318634
			12.8520829258048	-16.9785649967491
			12.8520829258048	-16.9603866616348
			12.8520829258048	-16.9422083265206
			12.8520829258048	-16.9240299914063
			12.8702612609191	-16.905851656292
			12.8702612609191	-16.8876733211777
			12.8702612609191	-16.8694949860634
			12.8702612609191	-16.8513166509491
			12.8702612609191	-16.8331383158348
			12.8702612609191	-16.8149599807205
			12.8702612609191	-16.7967816456062
			12.8702612609191	-16.7786033104919
			12.8884395960333	-16.7604249753776
			12.8884395960333	-16.7422466402633
			12.8884395960333	-16.724068305149
			12.8884395960333	-16.7058899700348
			12.8884395960333	-16.6877116349205
			12.8884395960333	-16.6695332998062
			12.8884395960333	-16.6513549646919
			12.8884395960333	-16.6331766295776
			12.9066179311476	-16.6149982944633
			12.9066179311476	-16.596819959349
			12.9066179311476	-16.5786416242347
			12.9066179311476	-16.5604632891204
			12.9066179311476	-16.5422849540061
			12.9066179311476	-16.5241066188918
			12.9066179311476	-16.5059282837775
			12.9066179311476	-16.4877499486632
			12.9247962662619	-16.469571613549
			12.9247962662619	-16.4513932784347
			12.9247962662619	-16.4332149433204
			12.9247962662619	-16.4150366082061
			12.9247962662619	-16.3968582730918
			12.9247962662619	-16.3786799379775
			12.9247962662619	-16.3605016028632
			12.9247962662619	-16.3423232677489
			12.9429746013762	-16.3241449326346
			12.9429746013762	-16.3059665975203
			12.9429746013762	-16.287788262406
			12.9429746013762	-16.2696099272917
			12.9429746013762	-16.2514315921774
			12.9429746013762	-16.2332532570632
			12.9429746013762	-16.2150749219489
			12.9611529364905	-16.1968965868346
			12.9611529364905	-16.1787182517203
			12.9611529364905	-16.160539916606
			12.9611529364905	-16.1423615814917
			12.9611529364905	-16.1241832463774
			12.9611529364905	-16.1060049112631
			12.9611529364905	-16.0878265761488
			12.9793312716048	-16.0696482410345
			12.9793312716048	-16.0514699059202
			12.9793312716048	-16.0332915708059
			12.9793312716048	-16.0151132356916
			12.9793312716048	-15.9969349005774
			12.9793312716048	-15.9787565654631
			12.9975096067191	-15.9605782303488
			12.9975096067191	-15.9423998952345
			12.9975096067191	-15.9242215601202
			12.9975096067191	-15.9060432250059
			12.9975096067191	-15.8878648898916
			12.9975096067191	-15.8696865547773
			13.0156879418334	-15.851508219663
			13.0156879418334	-15.8333298845487
			13.0156879418334	-15.8151515494344
			13.0156879418334	-15.7969732143201
			13.0156879418334	-15.7787948792058
			13.0156879418334	-15.7606165440915
			13.0338662769477	-15.7424382089773
			13.0338662769477	-15.724259873863
			13.0338662769477	-15.7060815387487
			13.0338662769477	-15.6879032036344
			13.0338662769477	-15.6697248685201
			13.052044612062	-15.6515465334058
			13.052044612062	-15.6333681982915
			13.052044612062	-15.6151898631772
			13.052044612062	-15.5970115280629
			13.052044612062	-15.5788331929486
			13.0702229471763	-15.5606548578343
			13.0702229471763	-15.54247652272
			13.0702229471763	-15.5242981876057
			13.0702229471763	-15.5061198524915
			13.0702229471763	-15.4879415173772
			13.0702229471763	-15.4697631822629
			13.0884012822906	-15.4697631822629
			13.0884012822906	-15.4515848471486
			13.0884012822906	-15.4334065120343
			13.0884012822906	-15.41522817692
			13.0884012822906	-15.3970498418057
			13.1065796174049	-15.3788715066914
			13.1065796174049	-15.3606931715771
			13.1065796174049	-15.3425148364628
			13.1065796174049	-15.3243365013485
			13.1247579525191	-15.3061581662342
			13.1247579525191	-15.2879798311199
			13.1247579525191	-15.2698014960057
			13.1247579525191	-15.2516231608914
			13.1247579525191	-15.2334448257771
			13.1429362876334	-15.2152664906628
			13.1429362876334	-15.1970881555485
			13.1429362876334	-15.1789098204342
			13.1429362876334	-15.1607314853199
			13.1611146227477	-15.1425531502056
			13.1611146227477	-15.1243748150913
			13.1611146227477	-15.106196479977
			13.1611146227477	-15.0880181448627
			13.179292957862	-15.0880181448627
			13.179292957862	-15.0698398097484
			13.179292957862	-15.0516614746341
			13.179292957862	-15.0334831395199
			13.1974712929763	-15.0153048044056
			13.1974712929763	-14.9971264692913
			13.1974712929763	-14.978948134177
			13.2156496280906	-14.9607697990627
			13.2156496280906	-14.9425914639484
			13.2156496280906	-14.9244131288341
			13.2156496280906	-14.9062347937198
			13.2338279632049	-14.8880564586055
			13.2338279632049	-14.8698781234912
			13.2338279632049	-14.8516997883769
			13.2520062983192	-14.8335214532626
			13.2520062983192	-14.8153431181483
			13.2701846334335	-14.797164783034
			13.2701846334335	-14.7789864479198
			13.2701846334335	-14.7608081128055
			13.2883629685478	-14.7426297776912
			13.2883629685478	-14.7244514425769
			13.2883629685478	-14.7062731074626
			13.3065413036621	-14.6880947723483
			13.3065413036621	-14.669916437234
			13.3247196387764	-14.6517381021197
			13.3247196387764	-14.6335597670054
			13.3428979738907	-14.6153814318911
			13.3428979738907	-14.5972030967768
			13.3610763090049	-14.5790247616625
			13.3610763090049	-14.5608464265482
			13.3792546441192	-14.542668091434
			13.3974329792335	-14.5244897563197
			13.3974329792335	-14.5063114212054
			13.4156113143478	-14.4881330860911
			13.4156113143478	-14.4699547509768
			13.4337896494621	-14.4517764158625
			13.4519679845764	-14.4335980807482
			13.4701463196907	-14.4154197456339
			13.488324654805	-14.3972414105196
			13.5065029899193	-14.3790630754053
			13.5246813250336	-14.360884740291
			13.5428596601479	-14.3427064051767
			13.5610379952622	-14.3427064051767
			13.5792163303765	-14.3245280700624
			13.5973946654907	-14.3245280700624
			13.615573000605	-14.3245280700624
		</curveLM03>
		<curveLM04 type=matrix rownames=FALSE colnames=FALSE nrow=969 ncol=2 as.numeric=TRUE >
			13.615573000605	-14.3245280700624
			13.6337513357193	-14.3245280700624
			13.6519296708336	-14.3427064051767
			13.6701080059479	-14.360884740291
			13.6882863410622	-14.3790630754053
			13.7064646761765	-14.3972414105196
			13.7246430112908	-14.4154197456339
			13.7428213464051	-14.4335980807482
			13.7609996815194	-14.4517764158625
			13.7791780166337	-14.4699547509768
			13.797356351748	-14.4881330860911
			13.797356351748	-14.5063114212054
			13.8155346868623	-14.5244897563197
			13.8155346868623	-14.542668091434
			13.8337130219765	-14.5608464265482
			13.8518913570908	-14.5790247616625
			13.8518913570908	-14.5972030967768
			13.8700696922051	-14.6153814318911
			13.8700696922051	-14.6335597670054
			13.8882480273194	-14.6517381021197
			13.8882480273194	-14.669916437234
			13.9064263624337	-14.6880947723483
			13.9064263624337	-14.7062731074626
			13.9064263624337	-14.7244514425769
			13.924604697548	-14.7426297776912
			13.924604697548	-14.7608081128055
			13.9427830326623	-14.7789864479198
			13.9427830326623	-14.797164783034
			13.9609613677766	-14.8153431181483
			13.9609613677766	-14.8335214532626
			13.9609613677766	-14.8516997883769
			13.9791397028909	-14.8698781234912
			13.9791397028909	-14.8880564586055
			13.9973180380052	-14.9062347937198
			13.9973180380052	-14.9244131288341
			13.9973180380052	-14.9425914639484
			14.0154963731195	-14.9607697990627
			14.0154963731195	-14.978948134177
			14.0154963731195	-14.9971264692913
			14.0154963731195	-15.0153048044056
			14.0336747082338	-15.0334831395199
			14.0336747082338	-15.0516614746341
			14.0336747082338	-15.0698398097484
			14.0518530433481	-15.0880181448627
			14.0518530433481	-15.106196479977
			14.0518530433481	-15.1243748150913
			14.0700313784624	-15.1425531502056
			14.0700313784624	-15.1607314853199
			14.0700313784624	-15.1789098204342
			14.0700313784624	-15.1970881555485
			14.0882097135766	-15.2152664906628
			14.0882097135766	-15.2334448257771
			14.0882097135766	-15.2516231608914
			14.1063880486909	-15.2698014960057
			14.1063880486909	-15.2879798311199
			14.1063880486909	-15.3061581662342
			14.1063880486909	-15.3243365013485
			14.1245663838052	-15.3425148364628
			14.1245663838052	-15.3606931715771
			14.1245663838052	-15.3788715066914
			14.1245663838052	-15.3970498418057
			14.1427447189195	-15.41522817692
			14.1427447189195	-15.4334065120343
			14.1427447189195	-15.4515848471486
			14.1427447189195	-15.4697631822629
			14.1427447189195	-15.4879415173772
			14.1609230540338	-15.5061198524915
			14.1609230540338	-15.5242981876057
			14.1609230540338	-15.54247652272
			14.1791013891481	-15.5606548578343
			14.1791013891481	-15.5788331929486
			14.1791013891481	-15.5970115280629
			14.1791013891481	-15.6151898631772
			14.1791013891481	-15.6333681982915
			14.1972797242624	-15.6515465334058
			14.1972797242624	-15.6697248685201
			14.1972797242624	-15.6879032036344
			14.1972797242624	-15.7060815387487
			14.1972797242624	-15.724259873863
			14.2154580593767	-15.7424382089773
			14.2154580593767	-15.7606165440915
			14.2154580593767	-15.7787948792058
			14.2154580593767	-15.7969732143201
			14.2154580593767	-15.8151515494344
			14.233636394491	-15.8333298845487
			14.233636394491	-15.851508219663
			14.233636394491	-15.8696865547773
			14.233636394491	-15.8878648898916
			14.233636394491	-15.9060432250059
			14.2518147296053	-15.9242215601202
			14.2518147296053	-15.9423998952345
			14.2518147296053	-15.9605782303488
			14.2518147296053	-15.9787565654631
			14.2518147296053	-15.9969349005774
			14.2518147296053	-16.0151132356916
			14.2518147296053	-16.0332915708059
			14.2699930647196	-16.0332915708059
			14.2699930647196	-16.0514699059202
			14.2699930647196	-16.0696482410345
			14.2699930647196	-16.0878265761488
			14.2699930647196	-16.1060049112631
			14.2699930647196	-16.1241832463774
			14.2881713998339	-16.1423615814917
			14.2881713998339	-16.160539916606
			14.2881713998339	-16.1787182517203
			14.2881713998339	-16.1968965868346
			14.2881713998339	-16.2150749219489
			14.2881713998339	-16.2332532570632
			14.3063497349482	-16.2514315921774
			14.3063497349482	-16.2696099272917
			14.3063497349482	-16.287788262406
			14.3063497349482	-16.3059665975203
			14.3063497349482	-16.3241449326346
			14.3063497349482	-16.3423232677489
			14.3245280700624	-16.3605016028632
			14.3245280700624	-16.3786799379775
			14.3245280700624	-16.3968582730918
			14.3245280700624	-16.4150366082061
			14.3245280700624	-16.4332149433204
			14.3245280700624	-16.4513932784347
			14.3245280700624	-16.469571613549
			14.3427064051767	-16.4877499486632
			14.3427064051767	-16.5059282837775
			14.3427064051767	-16.5241066188918
			14.3427064051767	-16.5422849540061
			14.3427064051767	-16.5604632891204
			14.3427064051767	-16.5786416242347
			14.3427064051767	-16.596819959349
			14.360884740291	-16.6149982944633
			14.360884740291	-16.6331766295776
			14.360884740291	-16.6513549646919
			14.360884740291	-16.6695332998062
			14.360884740291	-16.6877116349205
			14.360884740291	-16.7058899700348
			14.360884740291	-16.724068305149
			14.360884740291	-16.7422466402633
			14.3790630754053	-16.7604249753776
			14.3790630754053	-16.7786033104919
			14.3790630754053	-16.7967816456062
			14.3790630754053	-16.8149599807205
			14.3790630754053	-16.8331383158348
			14.3790630754053	-16.8513166509491
			14.3790630754053	-16.8694949860634
			14.3790630754053	-16.8876733211777
			14.3972414105196	-16.905851656292
			14.3972414105196	-16.9240299914063
			14.3972414105196	-16.9422083265206
			14.3972414105196	-16.9603866616348
			14.3972414105196	-16.9785649967491
			14.3972414105196	-16.9967433318634
			14.3972414105196	-17.0149216669777
			14.3972414105196	-17.033100002092
			14.4154197456339	-17.0512783372063
			14.4154197456339	-17.0694566723206
			14.4154197456339	-17.0876350074349
			14.4154197456339	-17.1058133425492
			14.4154197456339	-17.1239916776635
			14.4154197456339	-17.1421700127778
			14.4154197456339	-17.1603483478921
			14.4154197456339	-17.1785266830064
			14.4335980807482	-17.1967050181207
			14.4335980807482	-17.2148833532349
			14.4335980807482	-17.2330616883492
			14.4335980807482	-17.2512400234635
			14.4335980807482	-17.2694183585778
			14.4335980807482	-17.2875966936921
			14.4335980807482	-17.3057750288064
			14.4335980807482	-17.3239533639207
			14.4517764158625	-17.342131699035
			14.4517764158625	-17.3603100341493
			14.4517764158625	-17.3784883692636
			14.4517764158625	-17.3966667043779
			14.4517764158625	-17.4148450394922
			14.4517764158625	-17.4330233746065
			14.4517764158625	-17.4512017097207
			14.4517764158625	-17.469380044835
			14.4517764158625	-17.4875583799493
			14.4517764158625	-17.5057367150636
			14.4699547509768	-17.5239150501779
			14.4699547509768	-17.5420933852922
			14.4699547509768	-17.5602717204065
			14.4699547509768	-17.5784500555208
			14.4699547509768	-17.5966283906351
			14.4699547509768	-17.6148067257494
			14.4699547509768	-17.6329850608637
			14.4699547509768	-17.651163395978
			14.4699547509768	-17.6693417310923
			14.4699547509768	-17.6875200662065
			14.4881330860911	-17.7056984013208
			14.4881330860911	-17.7238767364351
			14.4881330860911	-17.7420550715494
			14.4881330860911	-17.7602334066637
			14.4881330860911	-17.778411741778
			14.4881330860911	-17.7965900768923
			14.4881330860911	-17.8147684120066
			14.4881330860911	-17.8329467471209
			14.4881330860911	-17.8511250822352
			14.4881330860911	-17.8693034173495
			14.5063114212054	-17.8874817524638
			14.5063114212054	-17.9056600875781
			14.5063114212054	-17.9238384226923
			14.5063114212054	-17.9420167578066
			14.5063114212054	-17.9601950929209
			14.5063114212054	-17.9783734280352
			14.5063114212054	-17.9965517631495
			14.5063114212054	-18.0147300982638
			14.5063114212054	-18.0329084333781
			14.5063114212054	-18.0510867684924
			14.5063114212054	-18.0692651036067
			14.5244897563197	-18.087443438721
			14.5244897563197	-18.1056217738353
			14.5244897563197	-18.1238001089496
			14.5244897563197	-18.1419784440639
			14.5244897563197	-18.1601567791782
			14.5244897563197	-18.1783351142924
			14.5244897563197	-18.1965134494067
			14.5244897563197	-18.214691784521
			14.5244897563197	-18.2328701196353
			14.5244897563197	-18.2510484547496
			14.5244897563197	-18.2692267898639
			14.542668091434	-18.2874051249782
			14.542668091434	-18.3055834600925
			14.542668091434	-18.3237617952068
			14.542668091434	-18.3419401303211
			14.542668091434	-18.3601184654354
			14.542668091434	-18.3782968005497
			14.542668091434	-18.396475135664
			14.542668091434	-18.4146534707782
			14.542668091434	-18.4328318058925
			14.542668091434	-18.4510101410068
			14.542668091434	-18.4691884761211
			14.542668091434	-18.4873668112354
			14.542668091434	-18.5055451463497
			14.5608464265482	-18.5055451463497
			14.5608464265482	-18.523723481464
			14.5608464265482	-18.5419018165783
			14.5608464265482	-18.5600801516926
			14.5608464265482	-18.5782584868069
			14.5608464265482	-18.5964368219212
			14.5608464265482	-18.6146151570355
			14.5608464265482	-18.6327934921498
			14.5608464265482	-18.650971827264
			14.5608464265482	-18.6691501623783
			14.5608464265482	-18.6873284974926
			14.5608464265482	-18.7055068326069
			14.5608464265482	-18.7236851677212
			14.5790247616625	-18.7418635028355
			14.5790247616625	-18.7600418379498
			14.5790247616625	-18.7782201730641
			14.5790247616625	-18.7963985081784
			14.5790247616625	-18.8145768432927
			14.5790247616625	-18.832755178407
			14.5790247616625	-18.8509335135213
			14.5790247616625	-18.8691118486356
			14.5790247616625	-18.8872901837498
			14.5790247616625	-18.9054685188641
			14.5790247616625	-18.9236468539784
			14.5790247616625	-18.9418251890927
			14.5790247616625	-18.960003524207
			14.5972030967768	-18.9781818593213
			14.5972030967768	-18.9963601944356
			14.5972030967768	-19.0145385295499
			14.5972030967768	-19.0327168646642
			14.5972030967768	-19.0508951997785
			14.5972030967768	-19.0690735348928
			14.5972030967768	-19.0872518700071
			14.5972030967768	-19.1054302051214
			14.5972030967768	-19.1236085402357
			14.5972030967768	-19.1417868753499
			14.5972030967768	-19.1599652104642
			14.5972030967768	-19.1781435455785
			14.5972030967768	-19.1963218806928
			14.5972030967768	-19.2145002158071
			14.6153814318911	-19.2326785509214
			14.6153814318911	-19.2508568860357
			14.6153814318911	-19.26903522115
			14.6153814318911	-19.2872135562643
			14.6153814318911	-19.3053918913786
			14.6153814318911	-19.3235702264929
			14.6153814318911	-19.3417485616072
			14.6153814318911	-19.3599268967215
			14.6153814318911	-19.3781052318357
			14.6153814318911	-19.39628356695
			14.6153814318911	-19.4144619020643
			14.6153814318911	-19.4326402371786
			14.6153814318911	-19.4508185722929
			14.6153814318911	-19.4689969074072
			14.6153814318911	-19.4871752425215
			14.6153814318911	-19.5053535776358
			14.6335597670054	-19.5235319127501
			14.6335597670054	-19.5417102478644
			14.6335597670054	-19.5598885829787
			14.6335597670054	-19.578066918093
			14.6335597670054	-19.5962452532073
			14.6335597670054	-19.6144235883215
			14.6335597670054	-19.6326019234358
			14.6335597670054	-19.6507802585501
			14.6335597670054	-19.6689585936644
			14.6335597670054	-19.6871369287787
			14.6335597670054	-19.705315263893
			14.6335597670054	-19.7234935990073
			14.6335597670054	-19.7416719341216
			14.6335597670054	-19.7598502692359
			14.6335597670054	-19.7780286043502
			14.6335597670054	-19.7962069394645
			14.6517381021197	-19.8143852745788
			14.6517381021197	-19.8325636096931
			14.6517381021197	-19.8507419448073
			14.6517381021197	-19.8689202799216
			14.6517381021197	-19.8870986150359
			14.6517381021197	-19.9052769501502
			14.6517381021197	-19.9234552852645
			14.6517381021197	-19.9416336203788
			14.6517381021197	-19.9598119554931
			14.6517381021197	-19.9779902906074
			14.6517381021197	-19.9961686257217
			14.6517381021197	-20.014346960836
			14.6517381021197	-20.0325252959503
			14.6517381021197	-20.0507036310646
			14.6517381021197	-20.0688819661789
			14.6517381021197	-20.0870603012931
			14.6517381021197	-20.1052386364074
			14.669916437234	-20.1234169715217
			14.669916437234	-20.141595306636
			14.669916437234	-20.1597736417503
			14.669916437234	-20.1779519768646
			14.669916437234	-20.1961303119789
			14.669916437234	-20.2143086470932
			14.669916437234	-20.2324869822075
			14.669916437234	-20.2506653173218
			14.669916437234	-20.2688436524361
			14.669916437234	-20.2870219875504
			14.669916437234	-20.3052003226647
			14.669916437234	-20.323378657779
			14.669916437234	-20.3415569928932
			14.669916437234	-20.3597353280075
			14.669916437234	-20.3779136631218
			14.669916437234	-20.3960919982361
			14.669916437234	-20.4142703333504
			14.669916437234	-20.4324486684647
			14.669916437234	-20.450627003579
			14.669916437234	-20.4688053386933
			14.6880947723483	-20.4688053386933
			14.6880947723483	-20.4869836738076
			14.6880947723483	-20.5051620089219
			14.6880947723483	-20.5233403440362
			14.6880947723483	-20.5415186791505
			14.6880947723483	-20.5596970142648
			14.6880947723483	-20.577875349379
			14.6880947723483	-20.5960536844933
			14.6880947723483	-20.6142320196076
			14.6880947723483	-20.6324103547219
			14.6880947723483	-20.6505886898362
			14.6880947723483	-20.6687670249505
			14.6880947723483	-20.6869453600648
			14.6880947723483	-20.7051236951791
			14.6880947723483	-20.7233020302934
			14.6880947723483	-20.7414803654077
			14.6880947723483	-20.759658700522
			14.6880947723483	-20.7778370356363
			14.6880947723483	-20.7960153707506
			14.6880947723483	-20.8141937058648
			14.6880947723483	-20.8323720409791
			14.7062731074626	-20.8505503760934
			14.7062731074626	-20.8687287112077
			14.7062731074626	-20.886907046322
			14.7062731074626	-20.9050853814363
			14.7062731074626	-20.9232637165506
			14.7062731074626	-20.9414420516649
			14.7062731074626	-20.9596203867792
			14.7062731074626	-20.9777987218935
			14.7062731074626	-20.9959770570078
			14.7062731074626	-21.0141553921221
			14.7062731074626	-21.0323337272364
			14.7062731074626	-21.0505120623506
			14.7062731074626	-21.0686903974649
			14.7062731074626	-21.0868687325792
			14.7062731074626	-21.1050470676935
			14.7062731074626	-21.1232254028078
			14.7062731074626	-21.1414037379221
			14.7062731074626	-21.1595820730364
			14.7062731074626	-21.1777604081507
			14.7062731074626	-21.195938743265
			14.7062731074626	-21.2141170783793
			14.7062731074626	-21.2322954134936
			14.7244514425769	-21.2504737486079
			14.7244514425769	-21.2686520837222
			14.7244514425769	-21.2868304188365
			14.7244514425769	-21.3050087539507
			14.7244514425769	-21.323187089065
			14.7244514425769	-21.3413654241793
			14.7244514425769	-21.3595437592936
			14.7244514425769	-21.3777220944079
			14.7244514425769	-21.3959004295222
			14.7244514425769	-21.4140787646365
			14.7244514425769	-21.4322570997508
			14.7244514425769	-21.4504354348651
			14.7244514425769	-21.4686137699794
			14.7244514425769	-21.4867921050937
			14.7244514425769	-21.504970440208
			14.7244514425769	-21.5231487753223
			14.7244514425769	-21.5413271104365
			14.7244514425769	-21.5595054455508
			14.7244514425769	-21.5776837806651
			14.7244514425769	-21.5958621157794
			14.7244514425769	-21.6140404508937
			14.7244514425769	-21.632218786008
			14.7244514425769	-21.6503971211223
			14.7244514425769	-21.6685754562366
			14.7426297776912	-21.6867537913509
			14.7426297776912	-21.7049321264652
			14.7426297776912	-21.7231104615795
			14.7426297776912	-21.7412887966938
			14.7426297776912	-21.7594671318081
			14.7426297776912	-21.7776454669223
			14.7426297776912	-21.7958238020366
			14.7426297776912	-21.8140021371509
			14.7426297776912	-21.8321804722652
			14.7426297776912	-21.8503588073795
			14.7426297776912	-21.8685371424938
			14.7426297776912	-21.8867154776081
			14.7426297776912	-21.9048938127224
			14.7426297776912	-21.9230721478367
			14.7426297776912	-21.941250482951
			14.7426297776912	-21.9594288180653
			14.7426297776912	-21.9776071531796
			14.7426297776912	-21.9957854882939
			14.7426297776912	-22.0139638234082
			14.7426297776912	-22.0321421585224
			14.7426297776912	-22.0503204936367
			14.7426297776912	-22.068498828751
			14.7426297776912	-22.0866771638653
			14.7426297776912	-22.1048554989796
			14.7426297776912	-22.1230338340939
			14.7426297776912	-22.1412121692082
			14.7426297776912	-22.1593905043225
			14.7608081128055	-22.1775688394368
			14.7608081128055	-22.1957471745511
			14.7608081128055	-22.2139255096654
			14.7608081128055	-22.2321038447797
			14.7608081128055	-22.250282179894
			14.7608081128055	-22.2684605150082
			14.7608081128055	-22.2866388501225
			14.7608081128055	-22.3048171852368
			14.7608081128055	-22.3229955203511
			14.7608081128055	-22.3411738554654
			14.7608081128055	-22.3593521905797
			14.7608081128055	-22.377530525694
			14.7608081128055	-22.3957088608083
			14.7608081128055	-22.4138871959226
			14.7608081128055	-22.4320655310369
			14.7608081128055	-22.4502438661512
			14.7608081128055	-22.4684222012655
			14.7608081128055	-22.4866005363798
			14.7608081128055	-22.504778871494
			14.7608081128055	-22.5229572066083
			14.7608081128055	-22.5411355417226
			14.7608081128055	-22.5593138768369
			14.7608081128055	-22.5774922119512
			14.7608081128055	-22.5956705470655
			14.7608081128055	-22.6138488821798
			14.7608081128055	-22.6320272172941
			14.7426297776912	-22.6502055524084
			14.7426297776912	-22.6683838875227
			14.7426297776912	-22.686562222637
			14.7426297776912	-22.7047405577513
			14.7426297776912	-22.7229188928656
			14.7426297776912	-22.7410972279798
			14.7426297776912	-22.7592755630941
			14.7426297776912	-22.7774538982084
			14.7426297776912	-22.7956322333227
			14.7426297776912	-22.813810568437
			14.7426297776912	-22.8319889035513
			14.7426297776912	-22.8501672386656
			14.7426297776912	-22.8683455737799
			14.7426297776912	-22.8865239088942
			14.7426297776912	-22.9047022440085
			14.7426297776912	-22.9228805791228
			14.7426297776912	-22.9410589142371
			14.7426297776912	-22.9592372493514
			14.7426297776912	-22.9774155844656
			14.7426297776912	-22.9955939195799
			14.7426297776912	-23.0137722546942
			14.7426297776912	-23.0319505898085
			14.7426297776912	-23.0501289249228
			14.7244514425769	-23.0501289249228
			14.7244514425769	-23.0683072600371
			14.7244514425769	-23.0864855951514
			14.7244514425769	-23.1046639302657
			14.7244514425769	-23.12284226538
			14.7244514425769	-23.1410206004943
			14.7244514425769	-23.1591989356086
			14.7244514425769	-23.1773772707229
			14.7244514425769	-23.1955556058372
			14.7244514425769	-23.2137339409514
			14.7244514425769	-23.2319122760657
			14.7244514425769	-23.25009061118
			14.7244514425769	-23.2682689462943
			14.7244514425769	-23.2864472814086
			14.7244514425769	-23.3046256165229
			14.7244514425769	-23.3228039516372
			14.7244514425769	-23.3409822867515
			14.7244514425769	-23.3591606218658
			14.7244514425769	-23.3773389569801
			14.7244514425769	-23.3955172920944
			14.7244514425769	-23.4136956272087
			14.7244514425769	-23.431873962323
			14.7062731074626	-23.4500522974373
			14.7062731074626	-23.4682306325515
			14.7062731074626	-23.4864089676658
			14.7062731074626	-23.5045873027801
			14.7062731074626	-23.5227656378944
			14.7062731074626	-23.5409439730087
			14.7062731074626	-23.559122308123
			14.7062731074626	-23.5773006432373
			14.7062731074626	-23.5954789783516
			14.7062731074626	-23.6136573134659
			14.7062731074626	-23.6318356485802
			14.7062731074626	-23.6500139836945
			14.7062731074626	-23.6681923188088
			14.7062731074626	-23.6863706539231
			14.7062731074626	-23.7045489890373
			14.7062731074626	-23.7227273241516
			14.7062731074626	-23.7409056592659
			14.7062731074626	-23.7590839943802
			14.7062731074626	-23.7772623294945
			14.7062731074626	-23.7954406646088
			14.7062731074626	-23.8136189997231
			14.6880947723483	-23.8317973348374
			14.6880947723483	-23.8499756699517
			14.6880947723483	-23.868154005066
			14.6880947723483	-23.8863323401803
			14.6880947723483	-23.9045106752946
			14.6880947723483	-23.9226890104089
			14.6880947723483	-23.9408673455231
			14.6880947723483	-23.9590456806374
			14.6880947723483	-23.9772240157517
			14.6880947723483	-23.995402350866
			14.6880947723483	-24.0135806859803
			14.6880947723483	-24.0317590210946
			14.6880947723483	-24.0499373562089
			14.6880947723483	-24.0681156913232
			14.6880947723483	-24.0862940264375
			14.6880947723483	-24.1044723615518
			14.6880947723483	-24.1226506966661
			14.6880947723483	-24.1408290317804
			14.6880947723483	-24.1590073668947
			14.669916437234	-24.177185702009
			14.669916437234	-24.1953640371232
			14.669916437234	-24.2135423722375
			14.669916437234	-24.2317207073518
			14.669916437234	-24.2498990424661
			14.669916437234	-24.2680773775804
			14.669916437234	-24.2862557126947
			14.669916437234	-24.304434047809
			14.669916437234	-24.3226123829233
			14.669916437234	-24.3407907180376
			14.669916437234	-24.3589690531519
			14.669916437234	-24.3771473882662
			14.669916437234	-24.3953257233805
			14.669916437234	-24.4135040584948
			14.669916437234	-24.431682393609
			14.669916437234	-24.4498607287233
			14.669916437234	-24.4680390638376
			14.669916437234	-24.4862173989519
			14.669916437234	-24.5043957340662
			14.6517381021197	-24.5225740691805
			14.6517381021197	-24.5407524042948
			14.6517381021197	-24.5589307394091
			14.6517381021197	-24.5771090745234
			14.6517381021197	-24.5952874096377
			14.6517381021197	-24.613465744752
			14.6517381021197	-24.6316440798663
			14.6517381021197	-24.6498224149806
			14.6517381021197	-24.6680007500948
			14.6517381021197	-24.6861790852091
			14.6517381021197	-24.7043574203234
			14.6517381021197	-24.7225357554377
			14.6517381021197	-24.740714090552
			14.6517381021197	-24.7588924256663
			14.6517381021197	-24.7770707607806
			14.6517381021197	-24.7952490958949
			14.6517381021197	-24.8134274310092
			14.6517381021197	-24.8316057661235
			14.6335597670054	-24.8497841012378
			14.6335597670054	-24.8679624363521
			14.6335597670054	-24.8861407714664
			14.6335597670054	-24.9043191065806
			14.6335597670054	-24.9224974416949
			14.6335597670054	-24.9406757768092
			14.6335597670054	-24.9588541119235
			14.6335597670054	-24.9770324470378
			14.6335597670054	-24.9952107821521
			14.6335597670054	-25.0133891172664
			14.6335597670054	-25.0315674523807
			14.6335597670054	-25.049745787495
			14.6335597670054	-25.0679241226093
			14.6335597670054	-25.0861024577236
			14.6335597670054	-25.1042807928379
			14.6335597670054	-25.1224591279522
			14.6335597670054	-25.1406374630665
			14.6153814318911	-25.1588157981807
			14.6153814318911	-25.176994133295
			14.6153814318911	-25.1951724684093
			14.6153814318911	-25.2133508035236
			14.6153814318911	-25.2315291386379
			14.6153814318911	-25.2497074737522
			14.6153814318911	-25.2678858088665
			14.6153814318911	-25.2860641439808
			14.6153814318911	-25.3042424790951
			14.6153814318911	-25.3224208142094
			14.6153814318911	-25.3405991493237
			14.6153814318911	-25.358777484438
			14.6153814318911	-25.3769558195523
			14.6153814318911	-25.3951341546665
			14.6153814318911	-25.4133124897808
			14.6153814318911	-25.4314908248951
			14.5972030967768	-25.4496691600094
			14.5972030967768	-25.4678474951237
			14.5972030967768	-25.486025830238
			14.5972030967768	-25.5042041653523
			14.5972030967768	-25.5223825004666
			14.5972030967768	-25.5405608355809
			14.5972030967768	-25.5587391706952
			14.5972030967768	-25.5769175058095
			14.5972030967768	-25.5950958409238
			14.5972030967768	-25.6132741760381
			14.5972030967768	-25.6314525111523
			14.5972030967768	-25.6496308462666
			14.5972030967768	-25.6678091813809
			14.5972030967768	-25.6859875164952
			14.5972030967768	-25.7041658516095
			14.5972030967768	-25.7223441867238
			14.5790247616625	-25.7223441867238
			14.5790247616625	-25.7405225218381
			14.5790247616625	-25.7587008569524
			14.5790247616625	-25.7768791920667
			14.5790247616625	-25.795057527181
			14.5790247616625	-25.8132358622953
			14.5790247616625	-25.8314141974096
			14.5790247616625	-25.8495925325239
			14.5790247616625	-25.8677708676381
			14.5790247616625	-25.8859492027524
			14.5790247616625	-25.9041275378667
			14.5790247616625	-25.922305872981
			14.5790247616625	-25.9404842080953
			14.5790247616625	-25.9586625432096
			14.5790247616625	-25.9768408783239
			14.5790247616625	-25.9950192134382
			14.5608464265482	-25.9950192134382
			14.5608464265482	-26.0131975485525
			14.5608464265482	-26.0313758836668
			14.5608464265482	-26.0495542187811
			14.5608464265482	-26.0677325538954
			14.5608464265482	-26.0859108890097
			14.5608464265482	-26.1040892241239
			14.5608464265482	-26.1222675592382
			14.5608464265482	-26.1404458943525
			14.5608464265482	-26.1586242294668
			14.5608464265482	-26.1768025645811
			14.5608464265482	-26.1949808996954
			14.5608464265482	-26.2131592348097
			14.5608464265482	-26.231337569924
			14.5608464265482	-26.2495159050383
			14.542668091434	-26.2676942401526
			14.542668091434	-26.2858725752669
			14.542668091434	-26.3040509103812
			14.542668091434	-26.3222292454955
			14.542668091434	-26.3404075806097
			14.542668091434	-26.358585915724
			14.542668091434	-26.3767642508383
			14.542668091434	-26.3949425859526
			14.542668091434	-26.4131209210669
			14.542668091434	-26.4312992561812
			14.542668091434	-26.4494775912955
			14.542668091434	-26.4676559264098
			14.542668091434	-26.4858342615241
			14.542668091434	-26.5040125966384
			14.5244897563197	-26.5221909317527
			14.5244897563197	-26.540369266867
			14.5244897563197	-26.5585476019813
			14.5244897563197	-26.5767259370956
			14.5244897563197	-26.5949042722098
			14.5244897563197	-26.6130826073241
			14.5244897563197	-26.6312609424384
			14.5244897563197	-26.6494392775527
			14.5244897563197	-26.667617612667
			14.5244897563197	-26.6857959477813
			14.5244897563197	-26.7039742828956
			14.5244897563197	-26.7221526180099
			14.5244897563197	-26.7403309531242
			14.5063114212054	-26.7585092882385
			14.5063114212054	-26.7766876233528
			14.5063114212054	-26.7948659584671
			14.5063114212054	-26.8130442935814
			14.5063114212054	-26.8312226286956
			14.5063114212054	-26.8494009638099
			14.5063114212054	-26.8675792989242
			14.5063114212054	-26.8857576340385
			14.5063114212054	-26.9039359691528
			14.5063114212054	-26.9221143042671
			14.5063114212054	-26.9402926393814
			14.5063114212054	-26.9584709744957
			14.4881330860911	-26.97664930961
			14.4881330860911	-26.9948276447243
			14.4881330860911	-27.0130059798386
			14.4881330860911	-27.0311843149529
			14.4881330860911	-27.0493626500672
			14.4881330860911	-27.0675409851814
			14.4881330860911	-27.0857193202957
			14.4881330860911	-27.10389765541
			14.4881330860911	-27.1220759905243
			14.4881330860911	-27.1402543256386
			14.4881330860911	-27.1584326607529
			14.4881330860911	-27.1766109958672
			14.4881330860911	-27.1947893309815
			14.4699547509768	-27.1947893309815
			14.4699547509768	-27.2129676660958
			14.4699547509768	-27.2311460012101
			14.4699547509768	-27.2493243363244
			14.4699547509768	-27.2675026714387
			14.4699547509768	-27.285681006553
			14.4699547509768	-27.3038593416673
			14.4699547509768	-27.3220376767815
			14.4699547509768	-27.3402160118958
			14.4699547509768	-27.3583943470101
			14.4699547509768	-27.3765726821244
			14.4699547509768	-27.3947510172387
			14.4517764158625	-27.412929352353
			14.4517764158625	-27.4311076874673
			14.4517764158625	-27.4492860225816
			14.4517764158625	-27.4674643576959
			14.4517764158625	-27.4856426928102
			14.4517764158625	-27.5038210279245
			14.4517764158625	-27.5219993630388
			14.4517764158625	-27.5401776981531
			14.4517764158625	-27.5583560332673
			14.4517764158625	-27.5765343683816
			14.4517764158625	-27.5947127034959
			14.4517764158625	-27.6128910386102
			14.4335980807482	-27.6310693737245
			14.4335980807482	-27.6492477088388
			14.4335980807482	-27.6674260439531
			14.4335980807482	-27.6856043790674
			14.4335980807482	-27.7037827141817
			14.4335980807482	-27.721961049296
			14.4335980807482	-27.7401393844103
			14.4335980807482	-27.7583177195246
			14.4335980807482	-27.7764960546389
			14.4335980807482	-27.7946743897531
			14.4154197456339	-27.8128527248674
			14.4154197456339	-27.8310310599817
			14.4154197456339	-27.849209395096
			14.4154197456339	-27.8673877302103
			14.4154197456339	-27.8855660653246
			14.4154197456339	-27.9037444004389
			14.4154197456339	-27.9219227355532
			14.4154197456339	-27.9401010706675
			14.4154197456339	-27.9582794057818
			14.4154197456339	-27.9764577408961
			14.3972414105196	-27.9946360760104
			14.3972414105196	-28.0128144111247
			14.3972414105196	-28.0309927462389
			14.3972414105196	-28.0491710813532
			14.3972414105196	-28.0673494164675
			14.3972414105196	-28.0855277515818
			14.3972414105196	-28.1037060866961
			14.3972414105196	-28.1218844218104
			14.3972414105196	-28.1400627569247
			14.3972414105196	-28.158241092039
			14.3972414105196	-28.1764194271533
			14.3790630754053	-28.1945977622676
			14.3790630754053	-28.2127760973819
			14.3790630754053	-28.2309544324962
			14.3790630754053	-28.2491327676105
			14.3790630754053	-28.2673111027248
			14.3790630754053	-28.285489437839
			14.3790630754053	-28.3036677729533
			14.3790630754053	-28.3218461080676
			14.3790630754053	-28.3400244431819
			14.3790630754053	-28.3582027782962
			14.360884740291	-28.3582027782962
			14.360884740291	-28.3763811134105
			14.360884740291	-28.3945594485248
			14.360884740291	-28.4127377836391
			14.360884740291	-28.4309161187534
			14.360884740291	-28.4490944538677
			14.360884740291	-28.467272788982
			14.360884740291	-28.4854511240963
			14.360884740291	-28.5036294592106
			14.3427064051767	-28.5218077943248
			14.3427064051767	-28.5399861294391
			14.3427064051767	-28.5581644645534
			14.3427064051767	-28.5763427996677
			14.3427064051767	-28.594521134782
			14.3427064051767	-28.6126994698963
			14.3427064051767	-28.6308778050106
			14.3427064051767	-28.6490561401249
			14.3427064051767	-28.6672344752392
			14.3245280700624	-28.6854128103535
			14.3245280700624	-28.7035911454678
			14.3245280700624	-28.7217694805821
			14.3245280700624	-28.7399478156964
			14.3245280700624	-28.7581261508106
			14.3245280700624	-28.7763044859249
			14.3245280700624	-28.7944828210392
			14.3245280700624	-28.8126611561535
			14.3245280700624	-28.8308394912678
			14.3063497349482	-28.8490178263821
			14.3063497349482	-28.8671961614964
			14.3063497349482	-28.8853744966107
			14.3063497349482	-28.903552831725
			14.3063497349482	-28.9217311668393
			14.3063497349482	-28.9399095019536
			14.3063497349482	-28.9580878370679
			14.3063497349482	-28.9762661721822
			14.3063497349482	-28.9944445072964
			14.2881713998339	-28.9944445072964
			14.2881713998339	-29.0126228424107
			14.2881713998339	-29.030801177525
			14.2881713998339	-29.0489795126393
			14.2881713998339	-29.0671578477536
			14.2881713998339	-29.0853361828679
			14.2881713998339	-29.1035145179822
			14.2881713998339	-29.1216928530965
			14.2699930647196	-29.1398711882108
			14.2699930647196	-29.1580495233251
			14.2699930647196	-29.1762278584394
			14.2699930647196	-29.1944061935537
			14.2699930647196	-29.212584528668
			14.2699930647196	-29.2307628637822
			14.2699930647196	-29.2489411988965
			14.2699930647196	-29.2671195340108
			14.2518147296053	-29.2852978691251
			14.2518147296053	-29.3034762042394
			14.2518147296053	-29.3216545393537
			14.2518147296053	-29.339832874468
			14.2518147296053	-29.3580112095823
			14.2518147296053	-29.3761895446966
			14.2518147296053	-29.3943678798109
			14.233636394491	-29.3943678798109
			14.233636394491	-29.4125462149252
			14.233636394491	-29.4307245500395
			14.233636394491	-29.4489028851538
			14.233636394491	-29.4670812202681
			14.233636394491	-29.4852595553823
			14.233636394491	-29.5034378904966
			14.233636394491	-29.5216162256109
			14.2154580593767	-29.5397945607252
			14.2154580593767	-29.5579728958395
			14.2154580593767	-29.5761512309538
			14.2154580593767	-29.5943295660681
			14.2154580593767	-29.6125079011824
			14.2154580593767	-29.6306862362967
			14.1972797242624	-29.648864571411
			14.1972797242624	-29.6670429065253
			14.1972797242624	-29.6852212416396
			14.1972797242624	-29.7033995767539
			14.1972797242624	-29.7215779118681
			14.1972797242624	-29.7397562469824
			14.1972797242624	-29.7579345820967
			14.1791013891481	-29.776112917211
			14.1791013891481	-29.7942912523253
			14.1791013891481	-29.8124695874396
			14.1791013891481	-29.8306479225539
			14.1791013891481	-29.8488262576682
			14.1791013891481	-29.8670045927825
			14.1609230540338	-29.8851829278968
			14.1609230540338	-29.9033612630111
			14.1609230540338	-29.9215395981254
			14.1609230540338	-29.9397179332397
			14.1609230540338	-29.9578962683539
			14.1609230540338	-29.9760746034682
			14.1427447189195	-29.9942529385825
			14.1427447189195	-30.0124312736968
			14.1427447189195	-30.0306096088111
			14.1427447189195	-30.0487879439254
			14.1427447189195	-30.0669662790397
			14.1245663838052	-30.085144614154
			14.1245663838052	-30.1033229492683
			14.1245663838052	-30.1215012843826
			14.1245663838052	-30.1396796194969
			14.1245663838052	-30.1578579546112
			14.1245663838052	-30.1760362897255
			14.1063880486909	-30.1942146248397
			14.1063880486909	-30.212392959954
			14.1063880486909	-30.2305712950683
			14.1063880486909	-30.2487496301826
			14.1063880486909	-30.2669279652969
			14.0882097135766	-30.2851063004112
			14.0882097135766	-30.3032846355255
			14.0882097135766	-30.3214629706398
			14.0882097135766	-30.3396413057541
			14.0882097135766	-30.3578196408684
			14.0700313784624	-30.3759979759827
			14.0700313784624	-30.394176311097
			14.0700313784624	-30.4123546462113
			14.0700313784624	-30.4305329813256
			14.0700313784624	-30.4487113164398
			14.0518530433481	-30.4668896515541
			14.0518530433481	-30.4850679866684
			14.0518530433481	-30.5032463217827
			14.0518530433481	-30.521424656897
			14.0518530433481	-30.5396029920113
			14.0336747082338	-30.5396029920113
			14.0336747082338	-30.5577813271256
			14.0336747082338	-30.5759596622399
			14.0336747082338	-30.5941379973542
			14.0336747082338	-30.6123163324685
			14.0154963731195	-30.6123163324685
			14.0154963731195	-30.6304946675828
			14.0154963731195	-30.6486730026971
			14.0154963731195	-30.6668513378114
			14.0154963731195	-30.6850296729256
			13.9973180380052	-30.7032080080399
			13.9973180380052	-30.7213863431542
			13.9973180380052	-30.7395646782685
			13.9973180380052	-30.7577430133828
			13.9791397028909	-30.7759213484971
			13.9791397028909	-30.7940996836114
			13.9791397028909	-30.8122780187257
			13.9609613677766	-30.83045635384
			13.9609613677766	-30.8486346889543
			13.9609613677766	-30.8668130240686
			13.9609613677766	-30.8849913591829
			13.9427830326623	-30.9031696942972
			13.9427830326623	-30.9213480294114
			13.9427830326623	-30.9395263645257
			13.924604697548	-30.95770469964
			13.924604697548	-30.9758830347543
			13.924604697548	-30.9940613698686
			13.924604697548	-31.0122397049829
			13.9064263624337	-31.0304180400972
			13.9064263624337	-31.0485963752115
			13.8882480273194	-31.0667747103258
			13.8882480273194	-31.0849530454401
			13.8882480273194	-31.1031313805544
			13.8700696922051	-31.1213097156687
			13.8700696922051	-31.139488050783
			13.8700696922051	-31.1576663858972
			13.8518913570908	-31.1758447210115
			13.8518913570908	-31.1940230561258
			13.8518913570908	-31.2122013912401
			13.8337130219765	-31.2303797263544
			13.8337130219765	-31.2485580614687
			13.8155346868623	-31.266736396583
			13.8155346868623	-31.2849147316973
			13.797356351748	-31.3030930668116
			13.797356351748	-31.3212714019259
			13.797356351748	-31.3394497370402
			13.7791780166337	-31.3576280721545
			13.7609996815194	-31.3758064072688
			13.7609996815194	-31.3939847423831
			13.7428213464051	-31.4121630774973
			13.7428213464051	-31.4303414126116
			13.7246430112908	-31.4485197477259
			13.7064646761765	-31.4666980828402
			13.6882863410622	-31.4848764179545
			13.6701080059479	-31.5030547530688
			13.6701080059479	-31.5212330881831
			13.6519296708336	-31.5394114232974
			13.6337513357193	-31.5394114232974
			13.6337513357193	-31.5575897584117
			13.615573000605	-31.5575897584117
			13.5973946654907	-31.575768093526
			13.5792163303765	-31.575768093526
			13.5610379952622	-31.5939464286403
			13.5428596601479	-31.5939464286403
			13.5246813250336	-31.5939464286403
		</curveLM04>
	</curves.scaled>
	<ruler.points type=matrix rownames=TRUE colnames=FALSE nrow=5 ncol=2 as.numeric=TRUE >
		Ruler point 1	639	1980
		Ruler point 2	691	1979
		Ruler point 3	748	1978
		Ruler point 4	803	1978
		Ruler point 5	861	1975
	</ruler.points>
</shapes>

