<shapes type=list>
	<ruler.pixel type=vector names=FALSE length=1 as.numeric=TRUE >55.0105382980736</ruler.pixel>
	<ruler.interval type=vector names=FALSE length=1 as.numeric=TRUE >1</ruler.interval>
	<scaling.units type=vector names=FALSE length=1 as.numeric=FALSE >cm</scaling.units>
	<scaling type=vector names=FALSE length=1 as.numeric=TRUE >0.0181783351142924</scaling>
	<landmarks.pixel type=matrix rownames=TRUE colnames=FALSE nrow=2 ncol=2 as.numeric=TRUE >
		LM01	726	1756
		LM02	749	793
	</landmarks.pixel>
	<landmarks.scaled type=matrix rownames=TRUE colnames=FALSE nrow=2 ncol=2 as.numeric=TRUE >
		LM01	13.1974712929763	-31.9211564606975
		LM02	13.615573000605	-14.4154197456339
	</landmarks.scaled>
	<curves.control type=list>
		<curveLM03 type=matrix rownames=FALSE colnames=FALSE nrow=5 ncol=2 as.numeric=TRUE >
			726	1756
			661	1756
			697	991
			724	771
			749	793
		</curveLM03>
		<curveLM04 type=matrix rownames=FALSE colnames=FALSE nrow=5 ncol=2 as.numeric=TRUE >
			749	793
			799	809
			783	1327
			769	1778
			726	1756
		</curveLM04>
	</curves.control>
	<curves.pixel type=list>
		<curveLM03 type=matrix rownames=FALSE colnames=FALSE nrow=988 ncol=2 as.numeric=TRUE >
			726	1756
			725	1756
			724	1756
			723	1756
			722	1755
			721	1755
			720	1754
			719	1754
			718	1753
			718	1752
			717	1751
			716	1750
			715	1749
			714	1748
			713	1747
			712	1746
			712	1745
			711	1744
			711	1743
			710	1742
			710	1741
			709	1740
			709	1739
			708	1738
			708	1737
			708	1736
			707	1735
			707	1734
			707	1733
			706	1732
			706	1731
			705	1730
			705	1729
			705	1728
			704	1727
			704	1726
			704	1725
			704	1724
			703	1723
			703	1722
			703	1721
			703	1720
			702	1720
			702	1719
			702	1718
			702	1717
			702	1716
			701	1715
			701	1714
			701	1713
			701	1712
			700	1711
			700	1710
			700	1709
			700	1708
			700	1707
			699	1706
			699	1705
			699	1704
			699	1703
			699	1702
			698	1701
			698	1700
			698	1699
			698	1698
			698	1697
			697	1696
			697	1695
			697	1694
			697	1693
			697	1692
			697	1691
			696	1690
			696	1689
			696	1688
			696	1687
			696	1686
			696	1685
			696	1684
			695	1683
			695	1682
			695	1681
			695	1680
			695	1679
			695	1678
			695	1677
			694	1676
			694	1675
			694	1674
			694	1673
			694	1672
			694	1671
			694	1670
			694	1669
			694	1668
			693	1667
			693	1666
			693	1665
			693	1664
			693	1663
			693	1662
			693	1661
			693	1660
			693	1659
			692	1658
			692	1657
			692	1656
			692	1655
			692	1654
			692	1653
			692	1652
			692	1651
			692	1650
			691	1649
			691	1648
			691	1647
			691	1646
			691	1645
			691	1644
			691	1643
			691	1642
			691	1641
			691	1640
			691	1639
			691	1638
			690	1637
			690	1636
			690	1635
			690	1634
			690	1633
			690	1632
			690	1631
			690	1630
			690	1629
			690	1628
			690	1627
			690	1626
			689	1625
			689	1624
			689	1623
			689	1622
			689	1621
			689	1620
			689	1619
			689	1618
			689	1617
			689	1616
			689	1615
			689	1614
			689	1613
			689	1612
			689	1611
			688	1610
			688	1609
			688	1608
			688	1607
			688	1606
			688	1605
			688	1604
			688	1603
			688	1602
			688	1601
			688	1600
			688	1599
			688	1598
			688	1597
			688	1596
			688	1595
			688	1594
			688	1593
			687	1592
			687	1591
			687	1590
			687	1589
			687	1588
			687	1587
			687	1586
			687	1585
			687	1584
			687	1583
			687	1582
			687	1581
			687	1580
			687	1579
			687	1578
			687	1577
			687	1576
			687	1575
			687	1574
			687	1573
			687	1572
			686	1571
			686	1570
			686	1569
			686	1568
			686	1567
			686	1566
			686	1565
			686	1564
			686	1563
			686	1562
			686	1561
			686	1560
			686	1559
			686	1558
			686	1557
			686	1556
			686	1555
			686	1554
			686	1553
			686	1552
			686	1551
			686	1550
			686	1549
			686	1548
			686	1547
			686	1546
			686	1545
			686	1544
			686	1543
			685	1542
			685	1541
			685	1540
			685	1539
			685	1538
			685	1537
			685	1536
			685	1535
			685	1534
			685	1533
			685	1532
			685	1531
			685	1530
			685	1529
			685	1528
			685	1527
			685	1526
			685	1525
			685	1524
			685	1523
			685	1522
			685	1521
			685	1520
			685	1519
			685	1518
			685	1517
			685	1516
			685	1515
			685	1514
			685	1513
			685	1512
			685	1511
			685	1510
			685	1509
			685	1508
			685	1507
			685	1506
			685	1505
			685	1504
			685	1503
			685	1502
			685	1501
			685	1500
			685	1499
			685	1498
			685	1497
			685	1496
			685	1495
			685	1494
			684	1493
			684	1492
			684	1491
			684	1490
			684	1489
			684	1488
			684	1487
			684	1486
			684	1485
			684	1484
			684	1483
			684	1482
			684	1481
			684	1480
			684	1479
			684	1478
			684	1477
			684	1476
			684	1475
			684	1474
			684	1473
			684	1472
			684	1471
			684	1470
			684	1469
			684	1468
			684	1467
			684	1466
			684	1465
			684	1464
			684	1463
			684	1462
			684	1461
			684	1460
			684	1459
			684	1458
			684	1457
			684	1456
			684	1455
			684	1454
			684	1453
			684	1452
			684	1451
			684	1450
			684	1449
			684	1448
			684	1447
			684	1446
			684	1445
			684	1444
			684	1443
			684	1442
			684	1441
			684	1440
			684	1439
			684	1438
			684	1437
			684	1436
			684	1435
			684	1434
			684	1433
			684	1432
			684	1431
			684	1430
			684	1429
			684	1428
			684	1427
			684	1426
			684	1425
			684	1424
			684	1423
			684	1422
			684	1421
			684	1420
			684	1419
			684	1418
			684	1417
			684	1416
			684	1415
			684	1414
			684	1413
			684	1412
			684	1411
			684	1410
			684	1409
			684	1408
			684	1407
			684	1406
			684	1405
			684	1404
			684	1403
			684	1402
			684	1401
			684	1400
			684	1399
			684	1398
			684	1397
			684	1396
			684	1395
			684	1394
			684	1393
			684	1392
			684	1391
			684	1390
			684	1389
			684	1388
			684	1387
			684	1386
			684	1385
			684	1384
			684	1383
			684	1382
			684	1381
			685	1380
			685	1379
			685	1378
			685	1377
			685	1376
			685	1375
			685	1374
			685	1373
			685	1372
			685	1371
			685	1370
			685	1369
			685	1368
			685	1367
			685	1366
			685	1365
			685	1364
			685	1363
			685	1362
			685	1361
			685	1360
			685	1359
			685	1358
			685	1357
			685	1356
			685	1355
			685	1354
			685	1353
			685	1352
			685	1351
			685	1350
			685	1349
			685	1348
			685	1347
			685	1346
			685	1345
			685	1344
			685	1343
			685	1342
			685	1341
			685	1340
			685	1339
			685	1338
			685	1337
			685	1336
			685	1335
			685	1334
			685	1333
			685	1332
			685	1331
			685	1330
			685	1329
			685	1328
			685	1327
			685	1326
			685	1325
			685	1324
			685	1323
			685	1322
			685	1321
			685	1320
			685	1319
			685	1318
			685	1317
			686	1316
			686	1315
			686	1314
			686	1313
			686	1312
			686	1311
			686	1310
			686	1309
			686	1308
			686	1307
			686	1306
			686	1305
			686	1304
			686	1303
			686	1302
			686	1301
			686	1300
			686	1299
			686	1298
			686	1297
			686	1296
			686	1295
			686	1294
			686	1293
			686	1292
			686	1291
			686	1290
			686	1289
			686	1288
			686	1287
			686	1286
			686	1285
			686	1284
			686	1283
			686	1282
			686	1281
			686	1280
			686	1279
			686	1278
			686	1277
			686	1276
			686	1275
			686	1274
			686	1273
			686	1272
			687	1271
			687	1270
			687	1269
			687	1268
			687	1267
			687	1266
			687	1265
			687	1264
			687	1263
			687	1262
			687	1261
			687	1260
			687	1259
			687	1258
			687	1257
			687	1256
			687	1255
			687	1254
			687	1253
			687	1252
			687	1251
			687	1250
			687	1249
			687	1248
			687	1247
			687	1246
			687	1245
			687	1244
			687	1243
			687	1242
			687	1241
			687	1240
			687	1239
			687	1238
			687	1237
			687	1236
			687	1235
			688	1235
			688	1234
			688	1233
			688	1232
			688	1231
			688	1230
			688	1229
			688	1228
			688	1227
			688	1226
			688	1225
			688	1224
			688	1223
			688	1222
			688	1221
			688	1220
			688	1219
			688	1218
			688	1217
			688	1216
			688	1215
			688	1214
			688	1213
			688	1212
			688	1211
			688	1210
			688	1209
			688	1208
			688	1207
			688	1206
			688	1205
			688	1204
			688	1203
			689	1202
			689	1201
			689	1200
			689	1199
			689	1198
			689	1197
			689	1196
			689	1195
			689	1194
			689	1193
			689	1192
			689	1191
			689	1190
			689	1189
			689	1188
			689	1187
			689	1186
			689	1185
			689	1184
			689	1183
			689	1182
			689	1181
			689	1180
			689	1179
			689	1178
			689	1177
			689	1176
			689	1175
			689	1174
			689	1173
			690	1172
			690	1171
			690	1170
			690	1169
			690	1168
			690	1167
			690	1166
			690	1165
			690	1164
			690	1163
			690	1162
			690	1161
			690	1160
			690	1159
			690	1158
			690	1157
			690	1156
			690	1155
			690	1154
			690	1153
			690	1152
			690	1151
			690	1150
			690	1149
			690	1148
			690	1147
			690	1146
			690	1145
			691	1144
			691	1143
			691	1142
			691	1141
			691	1140
			691	1139
			691	1138
			691	1137
			691	1136
			691	1135
			691	1134
			691	1133
			691	1132
			691	1131
			691	1130
			691	1129
			691	1128
			691	1127
			691	1126
			691	1125
			691	1124
			691	1123
			691	1122
			691	1121
			691	1120
			691	1119
			692	1118
			692	1117
			692	1116
			692	1115
			692	1114
			692	1113
			692	1112
			692	1111
			692	1110
			692	1109
			692	1108
			692	1107
			692	1106
			692	1105
			692	1104
			692	1103
			692	1102
			692	1101
			692	1100
			692	1099
			692	1098
			692	1097
			692	1096
			692	1095
			692	1094
			692	1093
			693	1092
			693	1091
			693	1090
			693	1089
			693	1088
			693	1087
			693	1086
			693	1085
			693	1084
			693	1083
			693	1082
			693	1081
			693	1080
			693	1079
			693	1078
			693	1077
			693	1076
			693	1075
			693	1074
			693	1073
			693	1072
			693	1071
			693	1070
			694	1069
			694	1068
			694	1067
			694	1066
			694	1065
			694	1064
			694	1063
			694	1062
			694	1061
			694	1060
			694	1059
			694	1058
			694	1057
			694	1056
			694	1055
			694	1054
			694	1053
			694	1052
			694	1051
			694	1050
			694	1049
			694	1048
			694	1047
			695	1046
			695	1045
			695	1044
			695	1043
			695	1042
			695	1041
			695	1040
			695	1039
			695	1038
			695	1037
			695	1036
			695	1035
			695	1034
			695	1033
			695	1032
			695	1031
			695	1030
			695	1029
			695	1028
			695	1027
			695	1026
			695	1025
			695	1024
			696	1023
			696	1022
			696	1021
			696	1020
			696	1019
			696	1018
			696	1017
			696	1016
			696	1015
			696	1014
			696	1013
			696	1012
			696	1011
			696	1010
			696	1009
			696	1008
			696	1007
			696	1006
			696	1005
			696	1004
			696	1003
			696	1002
			697	1001
			697	1000
			697	999
			697	998
			697	997
			697	996
			697	995
			697	994
			697	993
			697	992
			697	991
			697	990
			697	989
			697	988
			697	987
			698	986
			698	985
			698	984
			698	983
			698	982
			698	981
			698	980
			699	979
			699	978
			699	977
			699	976
			699	975
			699	974
			699	973
			699	972
			700	971
			700	970
			700	969
			700	968
			700	967
			700	966
			700	965
			700	964
			701	963
			701	962
			701	961
			701	960
			701	959
			701	958
			701	957
			702	956
			702	955
			702	954
			702	953
			702	952
			702	951
			702	950
			702	949
			703	948
			703	947
			703	946
			703	945
			703	944
			703	943
			703	942
			704	941
			704	940
			704	939
			704	938
			704	937
			704	936
			704	935
			705	934
			705	933
			705	932
			705	931
			705	930
			705	929
			705	928
			706	927
			706	926
			706	925
			706	924
			706	923
			706	922
			706	921
			707	921
			707	920
			707	919
			707	918
			707	917
			707	916
			707	915
			707	914
			708	913
			708	912
			708	911
			708	910
			708	909
			709	908
			709	907
			709	906
			709	905
			709	904
			709	903
			709	902
			710	901
			710	900
			710	899
			710	898
			710	897
			710	896
			711	895
			711	894
			711	893
			711	892
			711	891
			711	890
			712	889
			712	888
			712	887
			712	886
			712	885
			712	884
			713	884
			713	883
			713	882
			713	881
			713	880
			713	879
			713	878
			714	877
			714	876
			714	875
			714	874
			714	873
			715	872
			715	871
			715	870
			715	869
			715	868
			716	867
			716	866
			716	865
			716	864
			716	863
			717	862
			717	861
			717	860
			717	859
			717	858
			718	857
			718	856
			718	855
			718	854
			718	853
			719	852
			719	851
			719	850
			719	849
			720	848
			720	847
			720	846
			720	845
			720	844
			721	844
			721	843
			721	842
			721	841
			721	840
			722	839
			722	838
			722	837
			722	836
			723	835
			723	834
			723	833
			723	832
			724	831
			724	830
			724	829
			724	828
			725	827
			725	826
			725	825
			725	824
			726	824
			726	823
			726	822
			726	821
			727	820
			727	819
			727	818
			728	817
			728	816
			728	815
			729	815
			729	814
			729	813
			729	812
			730	811
			730	810
			731	809
			731	808
			731	807
			732	806
			732	805
			732	804
			733	804
			733	803
			734	802
			734	801
			735	800
			735	799
			736	798
			737	797
			737	796
			738	795
			739	794
			739	793
			740	793
			741	792
			742	792
			743	791
			744	791
			745	791
			746	791
			747	791
			747	792
			748	792
			749	793
		</curveLM03>
		<curveLM04 type=matrix rownames=FALSE colnames=FALSE nrow=983 ncol=2 as.numeric=TRUE >
			749	793
			750	793
			751	794
			752	795
			753	795
			754	796
			755	797
			756	798
			757	799
			758	800
			758	801
			759	802
			759	803
			760	804
			760	805
			761	806
			761	807
			762	808
			762	809
			763	810
			763	811
			764	812
			764	813
			765	814
			765	815
			765	816
			765	817
			766	817
			766	818
			766	819
			766	820
			767	821
			767	822
			768	823
			768	824
			768	825
			768	826
			768	827
			769	827
			769	828
			769	829
			769	830
			770	831
			770	832
			770	833
			770	834
			770	835
			771	836
			771	837
			771	838
			771	839
			772	840
			772	841
			772	842
			772	843
			772	844
			773	845
			773	846
			773	847
			773	848
			773	849
			774	850
			774	851
			774	852
			774	853
			774	854
			774	855
			775	856
			775	857
			775	858
			775	859
			775	860
			775	861
			775	862
			776	863
			776	864
			776	865
			776	866
			776	867
			776	868
			776	869
			776	870
			777	870
			777	871
			777	872
			777	873
			777	874
			777	875
			777	876
			777	877
			778	878
			778	879
			778	880
			778	881
			778	882
			778	883
			778	884
			778	885
			778	886
			779	887
			779	888
			779	889
			779	890
			779	891
			779	892
			779	893
			779	894
			779	895
			779	896
			780	897
			780	898
			780	899
			780	900
			780	901
			780	902
			780	903
			780	904
			780	905
			780	906
			780	907
			781	908
			781	909
			781	910
			781	911
			781	912
			781	913
			781	914
			781	915
			781	916
			781	917
			781	918
			781	919
			781	920
			782	921
			782	922
			782	923
			782	924
			782	925
			782	926
			782	927
			782	928
			782	929
			782	930
			782	931
			782	932
			782	933
			782	934
			783	935
			783	936
			783	937
			783	938
			783	939
			783	940
			783	941
			783	942
			783	943
			783	944
			783	945
			783	946
			783	947
			783	948
			783	949
			783	950
			783	951
			784	952
			784	953
			784	954
			784	955
			784	956
			784	957
			784	958
			784	959
			784	960
			784	961
			784	962
			784	963
			784	964
			784	965
			784	966
			784	967
			784	968
			784	969
			784	970
			784	971
			784	972
			785	973
			785	974
			785	975
			785	976
			785	977
			785	978
			785	979
			785	980
			785	981
			785	982
			785	983
			785	984
			785	985
			785	986
			785	987
			785	988
			785	989
			785	990
			785	991
			785	992
			785	993
			785	994
			785	995
			785	996
			785	997
			785	998
			785	999
			785	1000
			785	1001
			786	1002
			786	1003
			786	1004
			786	1005
			786	1006
			786	1007
			786	1008
			786	1009
			786	1010
			786	1011
			786	1012
			786	1013
			786	1014
			786	1015
			786	1016
			786	1017
			786	1018
			786	1019
			786	1020
			786	1021
			786	1022
			786	1023
			786	1024
			786	1025
			786	1026
			786	1027
			786	1028
			786	1029
			786	1030
			786	1031
			786	1032
			786	1033
			786	1034
			786	1035
			786	1036
			786	1037
			786	1038
			786	1039
			786	1040
			786	1041
			786	1042
			786	1043
			786	1044
			786	1045
			786	1046
			786	1047
			787	1048
			787	1049
			787	1050
			787	1051
			787	1052
			787	1053
			787	1054
			787	1055
			787	1056
			787	1057
			787	1058
			787	1059
			787	1060
			787	1061
			787	1062
			787	1063
			787	1064
			787	1065
			787	1066
			787	1067
			787	1068
			787	1069
			787	1070
			787	1071
			787	1072
			787	1073
			787	1074
			787	1075
			787	1076
			787	1077
			787	1078
			787	1079
			787	1080
			787	1081
			787	1082
			787	1083
			787	1084
			787	1085
			787	1086
			787	1087
			787	1088
			787	1089
			787	1090
			787	1091
			787	1092
			787	1093
			787	1094
			787	1095
			787	1096
			787	1097
			787	1098
			787	1099
			787	1100
			787	1101
			787	1102
			787	1103
			787	1104
			787	1105
			787	1106
			787	1107
			787	1108
			787	1109
			787	1110
			787	1111
			787	1112
			787	1113
			787	1114
			787	1115
			787	1116
			787	1117
			787	1118
			787	1119
			787	1120
			787	1121
			787	1122
			787	1123
			787	1124
			787	1125
			787	1126
			787	1127
			787	1128
			787	1129
			787	1130
			787	1131
			787	1132
			787	1133
			787	1134
			787	1135
			787	1136
			787	1137
			787	1138
			787	1139
			787	1140
			787	1141
			787	1142
			787	1143
			787	1144
			787	1145
			787	1146
			787	1147
			787	1148
			787	1149
			787	1150
			787	1151
			787	1152
			787	1153
			787	1154
			787	1155
			787	1156
			787	1157
			787	1158
			787	1159
			787	1160
			787	1161
			787	1162
			787	1163
			787	1164
			787	1165
			787	1166
			787	1167
			787	1168
			786	1169
			786	1170
			786	1171
			786	1172
			786	1173
			786	1174
			786	1175
			786	1176
			786	1177
			786	1178
			786	1179
			786	1180
			786	1181
			786	1182
			786	1183
			786	1184
			786	1185
			786	1186
			786	1187
			786	1188
			786	1189
			786	1190
			786	1191
			786	1192
			786	1193
			786	1194
			786	1195
			786	1196
			786	1197
			786	1198
			786	1199
			786	1200
			786	1201
			786	1202
			786	1203
			786	1204
			786	1205
			786	1206
			786	1207
			786	1208
			786	1209
			786	1210
			786	1211
			786	1212
			786	1213
			786	1214
			786	1215
			786	1216
			786	1217
			786	1218
			786	1219
			786	1220
			786	1221
			786	1222
			786	1223
			786	1224
			786	1225
			786	1226
			786	1227
			786	1228
			786	1229
			786	1230
			785	1231
			785	1232
			785	1233
			785	1234
			785	1235
			785	1236
			785	1237
			785	1238
			785	1239
			785	1240
			785	1241
			785	1242
			785	1243
			785	1244
			785	1245
			785	1246
			785	1247
			785	1248
			785	1249
			785	1250
			785	1251
			785	1252
			785	1253
			785	1254
			785	1255
			785	1256
			785	1257
			785	1258
			785	1259
			785	1260
			785	1261
			785	1262
			785	1263
			785	1264
			785	1265
			785	1266
			785	1267
			785	1268
			785	1269
			785	1270
			785	1271
			785	1272
			785	1273
			784	1274
			784	1275
			784	1276
			784	1277
			784	1278
			784	1279
			784	1280
			784	1281
			784	1282
			784	1283
			784	1284
			784	1285
			784	1286
			784	1287
			784	1288
			784	1289
			784	1290
			784	1291
			784	1292
			784	1293
			784	1294
			784	1295
			784	1296
			784	1297
			784	1298
			784	1299
			784	1300
			784	1301
			784	1302
			784	1303
			784	1304
			784	1305
			784	1306
			784	1307
			784	1308
			784	1309
			784	1310
			783	1311
			783	1312
			783	1313
			783	1314
			783	1315
			783	1316
			783	1317
			783	1318
			783	1319
			783	1320
			783	1321
			783	1322
			783	1323
			783	1324
			783	1325
			783	1326
			783	1327
			783	1328
			783	1329
			783	1330
			783	1331
			783	1332
			783	1333
			783	1334
			783	1335
			783	1336
			783	1337
			783	1338
			783	1339
			783	1340
			783	1341
			783	1342
			782	1343
			782	1344
			782	1345
			782	1346
			782	1347
			782	1348
			782	1349
			782	1350
			782	1351
			782	1352
			782	1353
			782	1354
			782	1355
			782	1356
			782	1357
			782	1358
			782	1359
			782	1360
			782	1361
			782	1362
			782	1363
			782	1364
			782	1365
			782	1366
			782	1367
			782	1368
			782	1369
			782	1370
			782	1371
			781	1372
			781	1373
			781	1374
			781	1375
			781	1376
			781	1377
			781	1378
			781	1379
			781	1380
			781	1381
			781	1382
			781	1383
			781	1384
			781	1385
			781	1386
			781	1387
			781	1388
			781	1389
			781	1390
			781	1391
			781	1392
			781	1393
			781	1394
			781	1395
			781	1396
			781	1397
			781	1398
			780	1399
			780	1400
			780	1401
			780	1402
			780	1403
			780	1404
			780	1405
			780	1406
			780	1407
			780	1408
			780	1409
			780	1410
			780	1411
			780	1412
			780	1413
			780	1414
			780	1415
			780	1416
			780	1417
			780	1418
			780	1419
			780	1420
			780	1421
			780	1422
			779	1423
			779	1424
			779	1425
			779	1426
			779	1427
			779	1428
			779	1429
			779	1430
			779	1431
			779	1432
			779	1433
			779	1434
			779	1435
			779	1436
			779	1437
			779	1438
			779	1439
			779	1440
			779	1441
			779	1442
			779	1443
			779	1444
			778	1445
			778	1446
			778	1447
			778	1448
			778	1449
			778	1450
			778	1451
			778	1452
			778	1453
			778	1454
			778	1455
			778	1456
			778	1457
			778	1458
			778	1459
			778	1460
			778	1461
			778	1462
			778	1463
			778	1464
			777	1465
			777	1466
			777	1467
			777	1468
			777	1469
			777	1470
			777	1471
			777	1472
			777	1473
			777	1474
			777	1475
			777	1476
			777	1477
			777	1478
			777	1479
			777	1480
			777	1481
			777	1482
			777	1483
			776	1484
			776	1485
			776	1486
			776	1487
			776	1488
			776	1489
			776	1490
			776	1491
			776	1492
			776	1493
			776	1494
			776	1495
			776	1496
			776	1497
			776	1498
			776	1499
			776	1500
			776	1501
			775	1502
			775	1503
			775	1504
			775	1505
			775	1506
			775	1507
			775	1508
			775	1509
			775	1510
			775	1511
			775	1512
			775	1513
			775	1514
			775	1515
			775	1516
			775	1517
			775	1518
			774	1519
			774	1520
			774	1521
			774	1522
			774	1523
			774	1524
			774	1525
			774	1526
			774	1527
			774	1528
			774	1529
			774	1530
			774	1531
			774	1532
			774	1533
			773	1534
			773	1535
			773	1536
			773	1537
			773	1538
			773	1539
			773	1540
			773	1541
			773	1542
			773	1543
			773	1544
			773	1545
			773	1546
			773	1547
			772	1548
			772	1549
			772	1550
			772	1551
			772	1552
			772	1553
			772	1554
			772	1555
			772	1556
			772	1557
			772	1558
			772	1559
			772	1560
			772	1561
			771	1562
			771	1563
			771	1564
			771	1565
			771	1566
			771	1567
			771	1568
			771	1569
			771	1570
			771	1571
			771	1572
			771	1573
			771	1574
			770	1575
			770	1576
			770	1577
			770	1578
			770	1579
			770	1580
			770	1581
			770	1582
			770	1583
			770	1584
			770	1585
			770	1586
			769	1587
			769	1588
			769	1589
			769	1590
			769	1591
			769	1592
			769	1593
			769	1594
			769	1595
			769	1596
			769	1597
			768	1598
			768	1599
			768	1600
			768	1601
			768	1602
			768	1603
			768	1604
			768	1605
			768	1606
			768	1607
			768	1608
			767	1609
			767	1610
			767	1611
			767	1612
			767	1613
			767	1614
			767	1615
			767	1616
			767	1617
			767	1618
			766	1619
			766	1620
			766	1621
			766	1622
			766	1623
			766	1624
			766	1625
			766	1626
			766	1627
			766	1628
			765	1629
			765	1630
			765	1631
			765	1632
			765	1633
			765	1634
			765	1635
			765	1636
			765	1637
			764	1638
			764	1639
			764	1640
			764	1641
			764	1642
			764	1643
			764	1644
			764	1645
			763	1646
			763	1647
			763	1648
			763	1649
			763	1650
			763	1651
			763	1652
			763	1653
			763	1654
			762	1654
			762	1655
			762	1656
			762	1657
			762	1658
			762	1659
			762	1660
			762	1661
			761	1662
			761	1663
			761	1664
			761	1665
			761	1666
			761	1667
			761	1668
			760	1669
			760	1670
			760	1671
			760	1672
			760	1673
			760	1674
			760	1675
			759	1676
			759	1677
			759	1678
			759	1679
			759	1680
			759	1681
			758	1682
			758	1683
			758	1684
			758	1685
			758	1686
			758	1687
			758	1688
			757	1689
			757	1690
			757	1691
			757	1692
			757	1693
			757	1694
			756	1695
			756	1696
			756	1697
			756	1698
			755	1699
			755	1700
			755	1701
			755	1702
			755	1703
			754	1704
			754	1705
			754	1706
			754	1707
			754	1708
			753	1709
			753	1710
			753	1711
			753	1712
			753	1713
			752	1714
			752	1715
			752	1716
			752	1717
			751	1718
			751	1719
			751	1720
			751	1721
			750	1722
			750	1723
			750	1724
			750	1725
			749	1726
			749	1727
			749	1728
			749	1729
			748	1730
			748	1731
			748	1732
			747	1733
			747	1734
			747	1735
			746	1736
			746	1737
			746	1738
			745	1739
			745	1740
			744	1741
			744	1742
			743	1743
			743	1744
			743	1745
			742	1745
			742	1746
			741	1747
			741	1748
			740	1749
			739	1750
			739	1751
			738	1752
			738	1753
			737	1753
			737	1754
			736	1754
			736	1755
			735	1755
			735	1756
			734	1756
			733	1756
			732	1757
			731	1757
			730	1757
			729	1757
			728	1757
			727	1756
			726	1756
		</curveLM04>
	</curves.pixel>
	<curves.scaled type=list>
		<curveLM03 type=matrix rownames=FALSE colnames=FALSE nrow=988 ncol=2 as.numeric=TRUE >
			13.1974712929763	-31.9211564606975
			13.179292957862	-31.9211564606975
			13.1611146227477	-31.9211564606975
			13.1429362876334	-31.9211564606975
			13.1247579525191	-31.9029781255832
			13.1065796174049	-31.9029781255832
			13.0884012822906	-31.8847997904689
			13.0702229471763	-31.8847997904689
			13.052044612062	-31.8666214553547
			13.052044612062	-31.8484431202404
			13.0338662769477	-31.8302647851261
			13.0156879418334	-31.8120864500118
			12.9975096067191	-31.7939081148975
			12.9793312716048	-31.7757297797832
			12.9611529364905	-31.7575514446689
			12.9429746013762	-31.7393731095546
			12.9429746013762	-31.7211947744403
			12.9247962662619	-31.703016439326
			12.9247962662619	-31.6848381042117
			12.9066179311476	-31.6666597690974
			12.9066179311476	-31.6484814339831
			12.8884395960333	-31.6303030988689
			12.8884395960333	-31.6121247637546
			12.8702612609191	-31.5939464286403
			12.8702612609191	-31.575768093526
			12.8702612609191	-31.5575897584117
			12.8520829258048	-31.5394114232974
			12.8520829258048	-31.5212330881831
			12.8520829258048	-31.5030547530688
			12.8339045906905	-31.4848764179545
			12.8339045906905	-31.4666980828402
			12.8157262555762	-31.4485197477259
			12.8157262555762	-31.4303414126116
			12.8157262555762	-31.4121630774973
			12.7975479204619	-31.3939847423831
			12.7975479204619	-31.3758064072688
			12.7975479204619	-31.3576280721545
			12.7975479204619	-31.3394497370402
			12.7793695853476	-31.3212714019259
			12.7793695853476	-31.3030930668116
			12.7793695853476	-31.2849147316973
			12.7793695853476	-31.266736396583
			12.7611912502333	-31.266736396583
			12.7611912502333	-31.2485580614687
			12.7611912502333	-31.2303797263544
			12.7611912502333	-31.2122013912401
			12.7611912502333	-31.1940230561258
			12.743012915119	-31.1758447210115
			12.743012915119	-31.1576663858972
			12.743012915119	-31.139488050783
			12.743012915119	-31.1213097156687
			12.7248345800047	-31.1031313805544
			12.7248345800047	-31.0849530454401
			12.7248345800047	-31.0667747103258
			12.7248345800047	-31.0485963752115
			12.7248345800047	-31.0304180400972
			12.7066562448904	-31.0122397049829
			12.7066562448904	-30.9940613698686
			12.7066562448904	-30.9758830347543
			12.7066562448904	-30.95770469964
			12.7066562448904	-30.9395263645257
			12.6884779097761	-30.9213480294114
			12.6884779097761	-30.9031696942972
			12.6884779097761	-30.8849913591829
			12.6884779097761	-30.8668130240686
			12.6884779097761	-30.8486346889543
			12.6702995746618	-30.83045635384
			12.6702995746618	-30.8122780187257
			12.6702995746618	-30.7940996836114
			12.6702995746618	-30.7759213484971
			12.6702995746618	-30.7577430133828
			12.6702995746618	-30.7395646782685
			12.6521212395475	-30.7213863431542
			12.6521212395475	-30.7032080080399
			12.6521212395475	-30.6850296729256
			12.6521212395475	-30.6668513378114
			12.6521212395475	-30.6486730026971
			12.6521212395475	-30.6304946675828
			12.6521212395475	-30.6123163324685
			12.6339429044332	-30.5941379973542
			12.6339429044332	-30.5759596622399
			12.6339429044332	-30.5577813271256
			12.6339429044332	-30.5396029920113
			12.6339429044332	-30.521424656897
			12.6339429044332	-30.5032463217827
			12.6339429044332	-30.4850679866684
			12.615764569319	-30.4668896515541
			12.615764569319	-30.4487113164398
			12.615764569319	-30.4305329813256
			12.615764569319	-30.4123546462113
			12.615764569319	-30.394176311097
			12.615764569319	-30.3759979759827
			12.615764569319	-30.3578196408684
			12.615764569319	-30.3396413057541
			12.615764569319	-30.3214629706398
			12.5975862342047	-30.3032846355255
			12.5975862342047	-30.2851063004112
			12.5975862342047	-30.2669279652969
			12.5975862342047	-30.2487496301826
			12.5975862342047	-30.2305712950683
			12.5975862342047	-30.212392959954
			12.5975862342047	-30.1942146248397
			12.5975862342047	-30.1760362897255
			12.5975862342047	-30.1578579546112
			12.5794078990904	-30.1396796194969
			12.5794078990904	-30.1215012843826
			12.5794078990904	-30.1033229492683
			12.5794078990904	-30.085144614154
			12.5794078990904	-30.0669662790397
			12.5794078990904	-30.0487879439254
			12.5794078990904	-30.0306096088111
			12.5794078990904	-30.0124312736968
			12.5794078990904	-29.9942529385825
			12.5612295639761	-29.9760746034682
			12.5612295639761	-29.9578962683539
			12.5612295639761	-29.9397179332397
			12.5612295639761	-29.9215395981254
			12.5612295639761	-29.9033612630111
			12.5612295639761	-29.8851829278968
			12.5612295639761	-29.8670045927825
			12.5612295639761	-29.8488262576682
			12.5612295639761	-29.8306479225539
			12.5612295639761	-29.8124695874396
			12.5612295639761	-29.7942912523253
			12.5612295639761	-29.776112917211
			12.5430512288618	-29.7579345820967
			12.5430512288618	-29.7397562469824
			12.5430512288618	-29.7215779118681
			12.5430512288618	-29.7033995767539
			12.5430512288618	-29.6852212416396
			12.5430512288618	-29.6670429065253
			12.5430512288618	-29.648864571411
			12.5430512288618	-29.6306862362967
			12.5430512288618	-29.6125079011824
			12.5430512288618	-29.5943295660681
			12.5430512288618	-29.5761512309538
			12.5430512288618	-29.5579728958395
			12.5248728937475	-29.5397945607252
			12.5248728937475	-29.5216162256109
			12.5248728937475	-29.5034378904966
			12.5248728937475	-29.4852595553823
			12.5248728937475	-29.4670812202681
			12.5248728937475	-29.4489028851538
			12.5248728937475	-29.4307245500395
			12.5248728937475	-29.4125462149252
			12.5248728937475	-29.3943678798109
			12.5248728937475	-29.3761895446966
			12.5248728937475	-29.3580112095823
			12.5248728937475	-29.339832874468
			12.5248728937475	-29.3216545393537
			12.5248728937475	-29.3034762042394
			12.5248728937475	-29.2852978691251
			12.5066945586332	-29.2671195340108
			12.5066945586332	-29.2489411988965
			12.5066945586332	-29.2307628637822
			12.5066945586332	-29.212584528668
			12.5066945586332	-29.1944061935537
			12.5066945586332	-29.1762278584394
			12.5066945586332	-29.1580495233251
			12.5066945586332	-29.1398711882108
			12.5066945586332	-29.1216928530965
			12.5066945586332	-29.1035145179822
			12.5066945586332	-29.0853361828679
			12.5066945586332	-29.0671578477536
			12.5066945586332	-29.0489795126393
			12.5066945586332	-29.030801177525
			12.5066945586332	-29.0126228424107
			12.5066945586332	-28.9944445072964
			12.5066945586332	-28.9762661721822
			12.5066945586332	-28.9580878370679
			12.4885162235189	-28.9399095019536
			12.4885162235189	-28.9217311668393
			12.4885162235189	-28.903552831725
			12.4885162235189	-28.8853744966107
			12.4885162235189	-28.8671961614964
			12.4885162235189	-28.8490178263821
			12.4885162235189	-28.8308394912678
			12.4885162235189	-28.8126611561535
			12.4885162235189	-28.7944828210392
			12.4885162235189	-28.7763044859249
			12.4885162235189	-28.7581261508106
			12.4885162235189	-28.7399478156964
			12.4885162235189	-28.7217694805821
			12.4885162235189	-28.7035911454678
			12.4885162235189	-28.6854128103535
			12.4885162235189	-28.6672344752392
			12.4885162235189	-28.6490561401249
			12.4885162235189	-28.6308778050106
			12.4885162235189	-28.6126994698963
			12.4885162235189	-28.594521134782
			12.4885162235189	-28.5763427996677
			12.4703378884046	-28.5581644645534
			12.4703378884046	-28.5399861294391
			12.4703378884046	-28.5218077943248
			12.4703378884046	-28.5036294592106
			12.4703378884046	-28.4854511240963
			12.4703378884046	-28.467272788982
			12.4703378884046	-28.4490944538677
			12.4703378884046	-28.4309161187534
			12.4703378884046	-28.4127377836391
			12.4703378884046	-28.3945594485248
			12.4703378884046	-28.3763811134105
			12.4703378884046	-28.3582027782962
			12.4703378884046	-28.3400244431819
			12.4703378884046	-28.3218461080676
			12.4703378884046	-28.3036677729533
			12.4703378884046	-28.285489437839
			12.4703378884046	-28.2673111027248
			12.4703378884046	-28.2491327676105
			12.4703378884046	-28.2309544324962
			12.4703378884046	-28.2127760973819
			12.4703378884046	-28.1945977622676
			12.4703378884046	-28.1764194271533
			12.4703378884046	-28.158241092039
			12.4703378884046	-28.1400627569247
			12.4703378884046	-28.1218844218104
			12.4703378884046	-28.1037060866961
			12.4703378884046	-28.0855277515818
			12.4703378884046	-28.0673494164675
			12.4703378884046	-28.0491710813532
			12.4521595532903	-28.0309927462389
			12.4521595532903	-28.0128144111247
			12.4521595532903	-27.9946360760104
			12.4521595532903	-27.9764577408961
			12.4521595532903	-27.9582794057818
			12.4521595532903	-27.9401010706675
			12.4521595532903	-27.9219227355532
			12.4521595532903	-27.9037444004389
			12.4521595532903	-27.8855660653246
			12.4521595532903	-27.8673877302103
			12.4521595532903	-27.849209395096
			12.4521595532903	-27.8310310599817
			12.4521595532903	-27.8128527248674
			12.4521595532903	-27.7946743897531
			12.4521595532903	-27.7764960546389
			12.4521595532903	-27.7583177195246
			12.4521595532903	-27.7401393844103
			12.4521595532903	-27.721961049296
			12.4521595532903	-27.7037827141817
			12.4521595532903	-27.6856043790674
			12.4521595532903	-27.6674260439531
			12.4521595532903	-27.6492477088388
			12.4521595532903	-27.6310693737245
			12.4521595532903	-27.6128910386102
			12.4521595532903	-27.5947127034959
			12.4521595532903	-27.5765343683816
			12.4521595532903	-27.5583560332673
			12.4521595532903	-27.5401776981531
			12.4521595532903	-27.5219993630388
			12.4521595532903	-27.5038210279245
			12.4521595532903	-27.4856426928102
			12.4521595532903	-27.4674643576959
			12.4521595532903	-27.4492860225816
			12.4521595532903	-27.4311076874673
			12.4521595532903	-27.412929352353
			12.4521595532903	-27.3947510172387
			12.4521595532903	-27.3765726821244
			12.4521595532903	-27.3583943470101
			12.4521595532903	-27.3402160118958
			12.4521595532903	-27.3220376767815
			12.4521595532903	-27.3038593416673
			12.4521595532903	-27.285681006553
			12.4521595532903	-27.2675026714387
			12.4521595532903	-27.2493243363244
			12.4521595532903	-27.2311460012101
			12.4521595532903	-27.2129676660958
			12.4521595532903	-27.1947893309815
			12.4521595532903	-27.1766109958672
			12.4521595532903	-27.1584326607529
			12.433981218176	-27.1402543256386
			12.433981218176	-27.1220759905243
			12.433981218176	-27.10389765541
			12.433981218176	-27.0857193202957
			12.433981218176	-27.0675409851814
			12.433981218176	-27.0493626500672
			12.433981218176	-27.0311843149529
			12.433981218176	-27.0130059798386
			12.433981218176	-26.9948276447243
			12.433981218176	-26.97664930961
			12.433981218176	-26.9584709744957
			12.433981218176	-26.9402926393814
			12.433981218176	-26.9221143042671
			12.433981218176	-26.9039359691528
			12.433981218176	-26.8857576340385
			12.433981218176	-26.8675792989242
			12.433981218176	-26.8494009638099
			12.433981218176	-26.8312226286956
			12.433981218176	-26.8130442935814
			12.433981218176	-26.7948659584671
			12.433981218176	-26.7766876233528
			12.433981218176	-26.7585092882385
			12.433981218176	-26.7403309531242
			12.433981218176	-26.7221526180099
			12.433981218176	-26.7039742828956
			12.433981218176	-26.6857959477813
			12.433981218176	-26.667617612667
			12.433981218176	-26.6494392775527
			12.433981218176	-26.6312609424384
			12.433981218176	-26.6130826073241
			12.433981218176	-26.5949042722098
			12.433981218176	-26.5767259370956
			12.433981218176	-26.5585476019813
			12.433981218176	-26.540369266867
			12.433981218176	-26.5221909317527
			12.433981218176	-26.5040125966384
			12.433981218176	-26.4858342615241
			12.433981218176	-26.4676559264098
			12.433981218176	-26.4494775912955
			12.433981218176	-26.4312992561812
			12.433981218176	-26.4131209210669
			12.433981218176	-26.3949425859526
			12.433981218176	-26.3767642508383
			12.433981218176	-26.358585915724
			12.433981218176	-26.3404075806097
			12.433981218176	-26.3222292454955
			12.433981218176	-26.3040509103812
			12.433981218176	-26.2858725752669
			12.433981218176	-26.2676942401526
			12.433981218176	-26.2495159050383
			12.433981218176	-26.231337569924
			12.433981218176	-26.2131592348097
			12.433981218176	-26.1949808996954
			12.433981218176	-26.1768025645811
			12.433981218176	-26.1586242294668
			12.433981218176	-26.1404458943525
			12.433981218176	-26.1222675592382
			12.433981218176	-26.1040892241239
			12.433981218176	-26.0859108890097
			12.433981218176	-26.0677325538954
			12.433981218176	-26.0495542187811
			12.433981218176	-26.0313758836668
			12.433981218176	-26.0131975485525
			12.433981218176	-25.9950192134382
			12.433981218176	-25.9768408783239
			12.433981218176	-25.9586625432096
			12.433981218176	-25.9404842080953
			12.433981218176	-25.922305872981
			12.433981218176	-25.9041275378667
			12.433981218176	-25.8859492027524
			12.433981218176	-25.8677708676381
			12.433981218176	-25.8495925325239
			12.433981218176	-25.8314141974096
			12.433981218176	-25.8132358622953
			12.433981218176	-25.795057527181
			12.433981218176	-25.7768791920667
			12.433981218176	-25.7587008569524
			12.433981218176	-25.7405225218381
			12.433981218176	-25.7223441867238
			12.433981218176	-25.7041658516095
			12.433981218176	-25.6859875164952
			12.433981218176	-25.6678091813809
			12.433981218176	-25.6496308462666
			12.433981218176	-25.6314525111523
			12.433981218176	-25.6132741760381
			12.433981218176	-25.5950958409238
			12.433981218176	-25.5769175058095
			12.433981218176	-25.5587391706952
			12.433981218176	-25.5405608355809
			12.433981218176	-25.5223825004666
			12.433981218176	-25.5042041653523
			12.433981218176	-25.486025830238
			12.433981218176	-25.4678474951237
			12.433981218176	-25.4496691600094
			12.433981218176	-25.4314908248951
			12.433981218176	-25.4133124897808
			12.433981218176	-25.3951341546665
			12.433981218176	-25.3769558195523
			12.433981218176	-25.358777484438
			12.433981218176	-25.3405991493237
			12.433981218176	-25.3224208142094
			12.433981218176	-25.3042424790951
			12.433981218176	-25.2860641439808
			12.433981218176	-25.2678858088665
			12.433981218176	-25.2497074737522
			12.433981218176	-25.2315291386379
			12.433981218176	-25.2133508035236
			12.433981218176	-25.1951724684093
			12.433981218176	-25.176994133295
			12.433981218176	-25.1588157981807
			12.433981218176	-25.1406374630665
			12.433981218176	-25.1224591279522
			12.433981218176	-25.1042807928379
			12.4521595532903	-25.0861024577236
			12.4521595532903	-25.0679241226093
			12.4521595532903	-25.049745787495
			12.4521595532903	-25.0315674523807
			12.4521595532903	-25.0133891172664
			12.4521595532903	-24.9952107821521
			12.4521595532903	-24.9770324470378
			12.4521595532903	-24.9588541119235
			12.4521595532903	-24.9406757768092
			12.4521595532903	-24.9224974416949
			12.4521595532903	-24.9043191065806
			12.4521595532903	-24.8861407714664
			12.4521595532903	-24.8679624363521
			12.4521595532903	-24.8497841012378
			12.4521595532903	-24.8316057661235
			12.4521595532903	-24.8134274310092
			12.4521595532903	-24.7952490958949
			12.4521595532903	-24.7770707607806
			12.4521595532903	-24.7588924256663
			12.4521595532903	-24.740714090552
			12.4521595532903	-24.7225357554377
			12.4521595532903	-24.7043574203234
			12.4521595532903	-24.6861790852091
			12.4521595532903	-24.6680007500948
			12.4521595532903	-24.6498224149806
			12.4521595532903	-24.6316440798663
			12.4521595532903	-24.613465744752
			12.4521595532903	-24.5952874096377
			12.4521595532903	-24.5771090745234
			12.4521595532903	-24.5589307394091
			12.4521595532903	-24.5407524042948
			12.4521595532903	-24.5225740691805
			12.4521595532903	-24.5043957340662
			12.4521595532903	-24.4862173989519
			12.4521595532903	-24.4680390638376
			12.4521595532903	-24.4498607287233
			12.4521595532903	-24.431682393609
			12.4521595532903	-24.4135040584948
			12.4521595532903	-24.3953257233805
			12.4521595532903	-24.3771473882662
			12.4521595532903	-24.3589690531519
			12.4521595532903	-24.3407907180376
			12.4521595532903	-24.3226123829233
			12.4521595532903	-24.304434047809
			12.4521595532903	-24.2862557126947
			12.4521595532903	-24.2680773775804
			12.4521595532903	-24.2498990424661
			12.4521595532903	-24.2317207073518
			12.4521595532903	-24.2135423722375
			12.4521595532903	-24.1953640371232
			12.4521595532903	-24.177185702009
			12.4521595532903	-24.1590073668947
			12.4521595532903	-24.1408290317804
			12.4521595532903	-24.1226506966661
			12.4521595532903	-24.1044723615518
			12.4521595532903	-24.0862940264375
			12.4521595532903	-24.0681156913232
			12.4521595532903	-24.0499373562089
			12.4521595532903	-24.0317590210946
			12.4521595532903	-24.0135806859803
			12.4521595532903	-23.995402350866
			12.4521595532903	-23.9772240157517
			12.4521595532903	-23.9590456806374
			12.4521595532903	-23.9408673455231
			12.4703378884046	-23.9226890104089
			12.4703378884046	-23.9045106752946
			12.4703378884046	-23.8863323401803
			12.4703378884046	-23.868154005066
			12.4703378884046	-23.8499756699517
			12.4703378884046	-23.8317973348374
			12.4703378884046	-23.8136189997231
			12.4703378884046	-23.7954406646088
			12.4703378884046	-23.7772623294945
			12.4703378884046	-23.7590839943802
			12.4703378884046	-23.7409056592659
			12.4703378884046	-23.7227273241516
			12.4703378884046	-23.7045489890373
			12.4703378884046	-23.6863706539231
			12.4703378884046	-23.6681923188088
			12.4703378884046	-23.6500139836945
			12.4703378884046	-23.6318356485802
			12.4703378884046	-23.6136573134659
			12.4703378884046	-23.5954789783516
			12.4703378884046	-23.5773006432373
			12.4703378884046	-23.559122308123
			12.4703378884046	-23.5409439730087
			12.4703378884046	-23.5227656378944
			12.4703378884046	-23.5045873027801
			12.4703378884046	-23.4864089676658
			12.4703378884046	-23.4682306325515
			12.4703378884046	-23.4500522974373
			12.4703378884046	-23.431873962323
			12.4703378884046	-23.4136956272087
			12.4703378884046	-23.3955172920944
			12.4703378884046	-23.3773389569801
			12.4703378884046	-23.3591606218658
			12.4703378884046	-23.3409822867515
			12.4703378884046	-23.3228039516372
			12.4703378884046	-23.3046256165229
			12.4703378884046	-23.2864472814086
			12.4703378884046	-23.2682689462943
			12.4703378884046	-23.25009061118
			12.4703378884046	-23.2319122760657
			12.4703378884046	-23.2137339409514
			12.4703378884046	-23.1955556058372
			12.4703378884046	-23.1773772707229
			12.4703378884046	-23.1591989356086
			12.4703378884046	-23.1410206004943
			12.4703378884046	-23.12284226538
			12.4885162235189	-23.1046639302657
			12.4885162235189	-23.0864855951514
			12.4885162235189	-23.0683072600371
			12.4885162235189	-23.0501289249228
			12.4885162235189	-23.0319505898085
			12.4885162235189	-23.0137722546942
			12.4885162235189	-22.9955939195799
			12.4885162235189	-22.9774155844656
			12.4885162235189	-22.9592372493514
			12.4885162235189	-22.9410589142371
			12.4885162235189	-22.9228805791228
			12.4885162235189	-22.9047022440085
			12.4885162235189	-22.8865239088942
			12.4885162235189	-22.8683455737799
			12.4885162235189	-22.8501672386656
			12.4885162235189	-22.8319889035513
			12.4885162235189	-22.813810568437
			12.4885162235189	-22.7956322333227
			12.4885162235189	-22.7774538982084
			12.4885162235189	-22.7592755630941
			12.4885162235189	-22.7410972279798
			12.4885162235189	-22.7229188928656
			12.4885162235189	-22.7047405577513
			12.4885162235189	-22.686562222637
			12.4885162235189	-22.6683838875227
			12.4885162235189	-22.6502055524084
			12.4885162235189	-22.6320272172941
			12.4885162235189	-22.6138488821798
			12.4885162235189	-22.5956705470655
			12.4885162235189	-22.5774922119512
			12.4885162235189	-22.5593138768369
			12.4885162235189	-22.5411355417226
			12.4885162235189	-22.5229572066083
			12.4885162235189	-22.504778871494
			12.4885162235189	-22.4866005363798
			12.4885162235189	-22.4684222012655
			12.4885162235189	-22.4502438661512
			12.5066945586332	-22.4502438661512
			12.5066945586332	-22.4320655310369
			12.5066945586332	-22.4138871959226
			12.5066945586332	-22.3957088608083
			12.5066945586332	-22.377530525694
			12.5066945586332	-22.3593521905797
			12.5066945586332	-22.3411738554654
			12.5066945586332	-22.3229955203511
			12.5066945586332	-22.3048171852368
			12.5066945586332	-22.2866388501225
			12.5066945586332	-22.2684605150082
			12.5066945586332	-22.250282179894
			12.5066945586332	-22.2321038447797
			12.5066945586332	-22.2139255096654
			12.5066945586332	-22.1957471745511
			12.5066945586332	-22.1775688394368
			12.5066945586332	-22.1593905043225
			12.5066945586332	-22.1412121692082
			12.5066945586332	-22.1230338340939
			12.5066945586332	-22.1048554989796
			12.5066945586332	-22.0866771638653
			12.5066945586332	-22.068498828751
			12.5066945586332	-22.0503204936367
			12.5066945586332	-22.0321421585224
			12.5066945586332	-22.0139638234082
			12.5066945586332	-21.9957854882939
			12.5066945586332	-21.9776071531796
			12.5066945586332	-21.9594288180653
			12.5066945586332	-21.941250482951
			12.5066945586332	-21.9230721478367
			12.5066945586332	-21.9048938127224
			12.5066945586332	-21.8867154776081
			12.5066945586332	-21.8685371424938
			12.5248728937475	-21.8503588073795
			12.5248728937475	-21.8321804722652
			12.5248728937475	-21.8140021371509
			12.5248728937475	-21.7958238020366
			12.5248728937475	-21.7776454669223
			12.5248728937475	-21.7594671318081
			12.5248728937475	-21.7412887966938
			12.5248728937475	-21.7231104615795
			12.5248728937475	-21.7049321264652
			12.5248728937475	-21.6867537913509
			12.5248728937475	-21.6685754562366
			12.5248728937475	-21.6503971211223
			12.5248728937475	-21.632218786008
			12.5248728937475	-21.6140404508937
			12.5248728937475	-21.5958621157794
			12.5248728937475	-21.5776837806651
			12.5248728937475	-21.5595054455508
			12.5248728937475	-21.5413271104365
			12.5248728937475	-21.5231487753223
			12.5248728937475	-21.504970440208
			12.5248728937475	-21.4867921050937
			12.5248728937475	-21.4686137699794
			12.5248728937475	-21.4504354348651
			12.5248728937475	-21.4322570997508
			12.5248728937475	-21.4140787646365
			12.5248728937475	-21.3959004295222
			12.5248728937475	-21.3777220944079
			12.5248728937475	-21.3595437592936
			12.5248728937475	-21.3413654241793
			12.5248728937475	-21.323187089065
			12.5430512288618	-21.3050087539507
			12.5430512288618	-21.2868304188365
			12.5430512288618	-21.2686520837222
			12.5430512288618	-21.2504737486079
			12.5430512288618	-21.2322954134936
			12.5430512288618	-21.2141170783793
			12.5430512288618	-21.195938743265
			12.5430512288618	-21.1777604081507
			12.5430512288618	-21.1595820730364
			12.5430512288618	-21.1414037379221
			12.5430512288618	-21.1232254028078
			12.5430512288618	-21.1050470676935
			12.5430512288618	-21.0868687325792
			12.5430512288618	-21.0686903974649
			12.5430512288618	-21.0505120623506
			12.5430512288618	-21.0323337272364
			12.5430512288618	-21.0141553921221
			12.5430512288618	-20.9959770570078
			12.5430512288618	-20.9777987218935
			12.5430512288618	-20.9596203867792
			12.5430512288618	-20.9414420516649
			12.5430512288618	-20.9232637165506
			12.5430512288618	-20.9050853814363
			12.5430512288618	-20.886907046322
			12.5430512288618	-20.8687287112077
			12.5430512288618	-20.8505503760934
			12.5430512288618	-20.8323720409791
			12.5430512288618	-20.8141937058648
			12.5612295639761	-20.7960153707506
			12.5612295639761	-20.7778370356363
			12.5612295639761	-20.759658700522
			12.5612295639761	-20.7414803654077
			12.5612295639761	-20.7233020302934
			12.5612295639761	-20.7051236951791
			12.5612295639761	-20.6869453600648
			12.5612295639761	-20.6687670249505
			12.5612295639761	-20.6505886898362
			12.5612295639761	-20.6324103547219
			12.5612295639761	-20.6142320196076
			12.5612295639761	-20.5960536844933
			12.5612295639761	-20.577875349379
			12.5612295639761	-20.5596970142648
			12.5612295639761	-20.5415186791505
			12.5612295639761	-20.5233403440362
			12.5612295639761	-20.5051620089219
			12.5612295639761	-20.4869836738076
			12.5612295639761	-20.4688053386933
			12.5612295639761	-20.450627003579
			12.5612295639761	-20.4324486684647
			12.5612295639761	-20.4142703333504
			12.5612295639761	-20.3960919982361
			12.5612295639761	-20.3779136631218
			12.5612295639761	-20.3597353280075
			12.5612295639761	-20.3415569928932
			12.5794078990904	-20.323378657779
			12.5794078990904	-20.3052003226647
			12.5794078990904	-20.2870219875504
			12.5794078990904	-20.2688436524361
			12.5794078990904	-20.2506653173218
			12.5794078990904	-20.2324869822075
			12.5794078990904	-20.2143086470932
			12.5794078990904	-20.1961303119789
			12.5794078990904	-20.1779519768646
			12.5794078990904	-20.1597736417503
			12.5794078990904	-20.141595306636
			12.5794078990904	-20.1234169715217
			12.5794078990904	-20.1052386364074
			12.5794078990904	-20.0870603012931
			12.5794078990904	-20.0688819661789
			12.5794078990904	-20.0507036310646
			12.5794078990904	-20.0325252959503
			12.5794078990904	-20.014346960836
			12.5794078990904	-19.9961686257217
			12.5794078990904	-19.9779902906074
			12.5794078990904	-19.9598119554931
			12.5794078990904	-19.9416336203788
			12.5794078990904	-19.9234552852645
			12.5794078990904	-19.9052769501502
			12.5794078990904	-19.8870986150359
			12.5794078990904	-19.8689202799216
			12.5975862342047	-19.8507419448073
			12.5975862342047	-19.8325636096931
			12.5975862342047	-19.8143852745788
			12.5975862342047	-19.7962069394645
			12.5975862342047	-19.7780286043502
			12.5975862342047	-19.7598502692359
			12.5975862342047	-19.7416719341216
			12.5975862342047	-19.7234935990073
			12.5975862342047	-19.705315263893
			12.5975862342047	-19.6871369287787
			12.5975862342047	-19.6689585936644
			12.5975862342047	-19.6507802585501
			12.5975862342047	-19.6326019234358
			12.5975862342047	-19.6144235883215
			12.5975862342047	-19.5962452532073
			12.5975862342047	-19.578066918093
			12.5975862342047	-19.5598885829787
			12.5975862342047	-19.5417102478644
			12.5975862342047	-19.5235319127501
			12.5975862342047	-19.5053535776358
			12.5975862342047	-19.4871752425215
			12.5975862342047	-19.4689969074072
			12.5975862342047	-19.4508185722929
			12.615764569319	-19.4326402371786
			12.615764569319	-19.4144619020643
			12.615764569319	-19.39628356695
			12.615764569319	-19.3781052318357
			12.615764569319	-19.3599268967215
			12.615764569319	-19.3417485616072
			12.615764569319	-19.3235702264929
			12.615764569319	-19.3053918913786
			12.615764569319	-19.2872135562643
			12.615764569319	-19.26903522115
			12.615764569319	-19.2508568860357
			12.615764569319	-19.2326785509214
			12.615764569319	-19.2145002158071
			12.615764569319	-19.1963218806928
			12.615764569319	-19.1781435455785
			12.615764569319	-19.1599652104642
			12.615764569319	-19.1417868753499
			12.615764569319	-19.1236085402357
			12.615764569319	-19.1054302051214
			12.615764569319	-19.0872518700071
			12.615764569319	-19.0690735348928
			12.615764569319	-19.0508951997785
			12.615764569319	-19.0327168646642
			12.6339429044332	-19.0145385295499
			12.6339429044332	-18.9963601944356
			12.6339429044332	-18.9781818593213
			12.6339429044332	-18.960003524207
			12.6339429044332	-18.9418251890927
			12.6339429044332	-18.9236468539784
			12.6339429044332	-18.9054685188641
			12.6339429044332	-18.8872901837498
			12.6339429044332	-18.8691118486356
			12.6339429044332	-18.8509335135213
			12.6339429044332	-18.832755178407
			12.6339429044332	-18.8145768432927
			12.6339429044332	-18.7963985081784
			12.6339429044332	-18.7782201730641
			12.6339429044332	-18.7600418379498
			12.6339429044332	-18.7418635028355
			12.6339429044332	-18.7236851677212
			12.6339429044332	-18.7055068326069
			12.6339429044332	-18.6873284974926
			12.6339429044332	-18.6691501623783
			12.6339429044332	-18.650971827264
			12.6339429044332	-18.6327934921498
			12.6339429044332	-18.6146151570355
			12.6521212395475	-18.5964368219212
			12.6521212395475	-18.5782584868069
			12.6521212395475	-18.5600801516926
			12.6521212395475	-18.5419018165783
			12.6521212395475	-18.523723481464
			12.6521212395475	-18.5055451463497
			12.6521212395475	-18.4873668112354
			12.6521212395475	-18.4691884761211
			12.6521212395475	-18.4510101410068
			12.6521212395475	-18.4328318058925
			12.6521212395475	-18.4146534707782
			12.6521212395475	-18.396475135664
			12.6521212395475	-18.3782968005497
			12.6521212395475	-18.3601184654354
			12.6521212395475	-18.3419401303211
			12.6521212395475	-18.3237617952068
			12.6521212395475	-18.3055834600925
			12.6521212395475	-18.2874051249782
			12.6521212395475	-18.2692267898639
			12.6521212395475	-18.2510484547496
			12.6521212395475	-18.2328701196353
			12.6521212395475	-18.214691784521
			12.6702995746618	-18.1965134494067
			12.6702995746618	-18.1783351142924
			12.6702995746618	-18.1601567791782
			12.6702995746618	-18.1419784440639
			12.6702995746618	-18.1238001089496
			12.6702995746618	-18.1056217738353
			12.6702995746618	-18.087443438721
			12.6702995746618	-18.0692651036067
			12.6702995746618	-18.0510867684924
			12.6702995746618	-18.0329084333781
			12.6702995746618	-18.0147300982638
			12.6702995746618	-17.9965517631495
			12.6702995746618	-17.9783734280352
			12.6702995746618	-17.9601950929209
			12.6702995746618	-17.9420167578066
			12.6884779097761	-17.9238384226923
			12.6884779097761	-17.9056600875781
			12.6884779097761	-17.8874817524638
			12.6884779097761	-17.8693034173495
			12.6884779097761	-17.8511250822352
			12.6884779097761	-17.8329467471209
			12.6884779097761	-17.8147684120066
			12.7066562448904	-17.7965900768923
			12.7066562448904	-17.778411741778
			12.7066562448904	-17.7602334066637
			12.7066562448904	-17.7420550715494
			12.7066562448904	-17.7238767364351
			12.7066562448904	-17.7056984013208
			12.7066562448904	-17.6875200662065
			12.7066562448904	-17.6693417310923
			12.7248345800047	-17.651163395978
			12.7248345800047	-17.6329850608637
			12.7248345800047	-17.6148067257494
			12.7248345800047	-17.5966283906351
			12.7248345800047	-17.5784500555208
			12.7248345800047	-17.5602717204065
			12.7248345800047	-17.5420933852922
			12.7248345800047	-17.5239150501779
			12.743012915119	-17.5057367150636
			12.743012915119	-17.4875583799493
			12.743012915119	-17.469380044835
			12.743012915119	-17.4512017097207
			12.743012915119	-17.4330233746065
			12.743012915119	-17.4148450394922
			12.743012915119	-17.3966667043779
			12.7611912502333	-17.3784883692636
			12.7611912502333	-17.3603100341493
			12.7611912502333	-17.342131699035
			12.7611912502333	-17.3239533639207
			12.7611912502333	-17.3057750288064
			12.7611912502333	-17.2875966936921
			12.7611912502333	-17.2694183585778
			12.7611912502333	-17.2512400234635
			12.7793695853476	-17.2330616883492
			12.7793695853476	-17.2148833532349
			12.7793695853476	-17.1967050181207
			12.7793695853476	-17.1785266830064
			12.7793695853476	-17.1603483478921
			12.7793695853476	-17.1421700127778
			12.7793695853476	-17.1239916776635
			12.7975479204619	-17.1058133425492
			12.7975479204619	-17.0876350074349
			12.7975479204619	-17.0694566723206
			12.7975479204619	-17.0512783372063
			12.7975479204619	-17.033100002092
			12.7975479204619	-17.0149216669777
			12.7975479204619	-16.9967433318634
			12.8157262555762	-16.9785649967491
			12.8157262555762	-16.9603866616348
			12.8157262555762	-16.9422083265206
			12.8157262555762	-16.9240299914063
			12.8157262555762	-16.905851656292
			12.8157262555762	-16.8876733211777
			12.8157262555762	-16.8694949860634
			12.8339045906905	-16.8513166509491
			12.8339045906905	-16.8331383158348
			12.8339045906905	-16.8149599807205
			12.8339045906905	-16.7967816456062
			12.8339045906905	-16.7786033104919
			12.8339045906905	-16.7604249753776
			12.8339045906905	-16.7422466402633
			12.8520829258048	-16.7422466402633
			12.8520829258048	-16.724068305149
			12.8520829258048	-16.7058899700348
			12.8520829258048	-16.6877116349205
			12.8520829258048	-16.6695332998062
			12.8520829258048	-16.6513549646919
			12.8520829258048	-16.6331766295776
			12.8520829258048	-16.6149982944633
			12.8702612609191	-16.596819959349
			12.8702612609191	-16.5786416242347
			12.8702612609191	-16.5604632891204
			12.8702612609191	-16.5422849540061
			12.8702612609191	-16.5241066188918
			12.8884395960333	-16.5059282837775
			12.8884395960333	-16.4877499486632
			12.8884395960333	-16.469571613549
			12.8884395960333	-16.4513932784347
			12.8884395960333	-16.4332149433204
			12.8884395960333	-16.4150366082061
			12.8884395960333	-16.3968582730918
			12.9066179311476	-16.3786799379775
			12.9066179311476	-16.3605016028632
			12.9066179311476	-16.3423232677489
			12.9066179311476	-16.3241449326346
			12.9066179311476	-16.3059665975203
			12.9066179311476	-16.287788262406
			12.9247962662619	-16.2696099272917
			12.9247962662619	-16.2514315921774
			12.9247962662619	-16.2332532570632
			12.9247962662619	-16.2150749219489
			12.9247962662619	-16.1968965868346
			12.9247962662619	-16.1787182517203
			12.9429746013762	-16.160539916606
			12.9429746013762	-16.1423615814917
			12.9429746013762	-16.1241832463774
			12.9429746013762	-16.1060049112631
			12.9429746013762	-16.0878265761488
			12.9429746013762	-16.0696482410345
			12.9611529364905	-16.0696482410345
			12.9611529364905	-16.0514699059202
			12.9611529364905	-16.0332915708059
			12.9611529364905	-16.0151132356916
			12.9611529364905	-15.9969349005774
			12.9611529364905	-15.9787565654631
			12.9611529364905	-15.9605782303488
			12.9793312716048	-15.9423998952345
			12.9793312716048	-15.9242215601202
			12.9793312716048	-15.9060432250059
			12.9793312716048	-15.8878648898916
			12.9793312716048	-15.8696865547773
			12.9975096067191	-15.851508219663
			12.9975096067191	-15.8333298845487
			12.9975096067191	-15.8151515494344
			12.9975096067191	-15.7969732143201
			12.9975096067191	-15.7787948792058
			13.0156879418334	-15.7606165440915
			13.0156879418334	-15.7424382089773
			13.0156879418334	-15.724259873863
			13.0156879418334	-15.7060815387487
			13.0156879418334	-15.6879032036344
			13.0338662769477	-15.6697248685201
			13.0338662769477	-15.6515465334058
			13.0338662769477	-15.6333681982915
			13.0338662769477	-15.6151898631772
			13.0338662769477	-15.5970115280629
			13.052044612062	-15.5788331929486
			13.052044612062	-15.5606548578343
			13.052044612062	-15.54247652272
			13.052044612062	-15.5242981876057
			13.052044612062	-15.5061198524915
			13.0702229471763	-15.4879415173772
			13.0702229471763	-15.4697631822629
			13.0702229471763	-15.4515848471486
			13.0702229471763	-15.4334065120343
			13.0884012822906	-15.41522817692
			13.0884012822906	-15.3970498418057
			13.0884012822906	-15.3788715066914
			13.0884012822906	-15.3606931715771
			13.0884012822906	-15.3425148364628
			13.1065796174049	-15.3425148364628
			13.1065796174049	-15.3243365013485
			13.1065796174049	-15.3061581662342
			13.1065796174049	-15.2879798311199
			13.1065796174049	-15.2698014960057
			13.1247579525191	-15.2516231608914
			13.1247579525191	-15.2334448257771
			13.1247579525191	-15.2152664906628
			13.1247579525191	-15.1970881555485
			13.1429362876334	-15.1789098204342
			13.1429362876334	-15.1607314853199
			13.1429362876334	-15.1425531502056
			13.1429362876334	-15.1243748150913
			13.1611146227477	-15.106196479977
			13.1611146227477	-15.0880181448627
			13.1611146227477	-15.0698398097484
			13.1611146227477	-15.0516614746341
			13.179292957862	-15.0334831395199
			13.179292957862	-15.0153048044056
			13.179292957862	-14.9971264692913
			13.179292957862	-14.978948134177
			13.1974712929763	-14.978948134177
			13.1974712929763	-14.9607697990627
			13.1974712929763	-14.9425914639484
			13.1974712929763	-14.9244131288341
			13.2156496280906	-14.9062347937198
			13.2156496280906	-14.8880564586055
			13.2156496280906	-14.8698781234912
			13.2338279632049	-14.8516997883769
			13.2338279632049	-14.8335214532626
			13.2338279632049	-14.8153431181483
			13.2520062983192	-14.8153431181483
			13.2520062983192	-14.797164783034
			13.2520062983192	-14.7789864479198
			13.2520062983192	-14.7608081128055
			13.2701846334335	-14.7426297776912
			13.2701846334335	-14.7244514425769
			13.2883629685478	-14.7062731074626
			13.2883629685478	-14.6880947723483
			13.2883629685478	-14.669916437234
			13.3065413036621	-14.6517381021197
			13.3065413036621	-14.6335597670054
			13.3065413036621	-14.6153814318911
			13.3247196387764	-14.6153814318911
			13.3247196387764	-14.5972030967768
			13.3428979738907	-14.5790247616625
			13.3428979738907	-14.5608464265482
			13.3610763090049	-14.542668091434
			13.3610763090049	-14.5244897563197
			13.3792546441192	-14.5063114212054
			13.3974329792335	-14.4881330860911
			13.3974329792335	-14.4699547509768
			13.4156113143478	-14.4517764158625
			13.4337896494621	-14.4335980807482
			13.4337896494621	-14.4154197456339
			13.4519679845764	-14.4154197456339
			13.4701463196907	-14.3972414105196
			13.488324654805	-14.3972414105196
			13.5065029899193	-14.3790630754053
			13.5246813250336	-14.3790630754053
			13.5428596601479	-14.3790630754053
			13.5610379952622	-14.3790630754053
			13.5792163303765	-14.3790630754053
			13.5792163303765	-14.3972414105196
			13.5973946654907	-14.3972414105196
			13.615573000605	-14.4154197456339
		</curveLM03>
		<curveLM04 type=matrix rownames=FALSE colnames=FALSE nrow=983 ncol=2 as.numeric=TRUE >
			13.615573000605	-14.4154197456339
			13.6337513357193	-14.4154197456339
			13.6519296708336	-14.4335980807482
			13.6701080059479	-14.4517764158625
			13.6882863410622	-14.4517764158625
			13.7064646761765	-14.4699547509768
			13.7246430112908	-14.4881330860911
			13.7428213464051	-14.5063114212054
			13.7609996815194	-14.5244897563197
			13.7791780166337	-14.542668091434
			13.7791780166337	-14.5608464265482
			13.797356351748	-14.5790247616625
			13.797356351748	-14.5972030967768
			13.8155346868623	-14.6153814318911
			13.8155346868623	-14.6335597670054
			13.8337130219765	-14.6517381021197
			13.8337130219765	-14.669916437234
			13.8518913570908	-14.6880947723483
			13.8518913570908	-14.7062731074626
			13.8700696922051	-14.7244514425769
			13.8700696922051	-14.7426297776912
			13.8882480273194	-14.7608081128055
			13.8882480273194	-14.7789864479198
			13.9064263624337	-14.797164783034
			13.9064263624337	-14.8153431181483
			13.9064263624337	-14.8335214532626
			13.9064263624337	-14.8516997883769
			13.924604697548	-14.8516997883769
			13.924604697548	-14.8698781234912
			13.924604697548	-14.8880564586055
			13.924604697548	-14.9062347937198
			13.9427830326623	-14.9244131288341
			13.9427830326623	-14.9425914639484
			13.9609613677766	-14.9607697990627
			13.9609613677766	-14.978948134177
			13.9609613677766	-14.9971264692913
			13.9609613677766	-15.0153048044056
			13.9609613677766	-15.0334831395199
			13.9791397028909	-15.0334831395199
			13.9791397028909	-15.0516614746341
			13.9791397028909	-15.0698398097484
			13.9791397028909	-15.0880181448627
			13.9973180380052	-15.106196479977
			13.9973180380052	-15.1243748150913
			13.9973180380052	-15.1425531502056
			13.9973180380052	-15.1607314853199
			13.9973180380052	-15.1789098204342
			14.0154963731195	-15.1970881555485
			14.0154963731195	-15.2152664906628
			14.0154963731195	-15.2334448257771
			14.0154963731195	-15.2516231608914
			14.0336747082338	-15.2698014960057
			14.0336747082338	-15.2879798311199
			14.0336747082338	-15.3061581662342
			14.0336747082338	-15.3243365013485
			14.0336747082338	-15.3425148364628
			14.0518530433481	-15.3606931715771
			14.0518530433481	-15.3788715066914
			14.0518530433481	-15.3970498418057
			14.0518530433481	-15.41522817692
			14.0518530433481	-15.4334065120343
			14.0700313784624	-15.4515848471486
			14.0700313784624	-15.4697631822629
			14.0700313784624	-15.4879415173772
			14.0700313784624	-15.5061198524915
			14.0700313784624	-15.5242981876057
			14.0700313784624	-15.54247652272
			14.0882097135766	-15.5606548578343
			14.0882097135766	-15.5788331929486
			14.0882097135766	-15.5970115280629
			14.0882097135766	-15.6151898631772
			14.0882097135766	-15.6333681982915
			14.0882097135766	-15.6515465334058
			14.0882097135766	-15.6697248685201
			14.1063880486909	-15.6879032036344
			14.1063880486909	-15.7060815387487
			14.1063880486909	-15.724259873863
			14.1063880486909	-15.7424382089773
			14.1063880486909	-15.7606165440915
			14.1063880486909	-15.7787948792058
			14.1063880486909	-15.7969732143201
			14.1063880486909	-15.8151515494344
			14.1245663838052	-15.8151515494344
			14.1245663838052	-15.8333298845487
			14.1245663838052	-15.851508219663
			14.1245663838052	-15.8696865547773
			14.1245663838052	-15.8878648898916
			14.1245663838052	-15.9060432250059
			14.1245663838052	-15.9242215601202
			14.1245663838052	-15.9423998952345
			14.1427447189195	-15.9605782303488
			14.1427447189195	-15.9787565654631
			14.1427447189195	-15.9969349005774
			14.1427447189195	-16.0151132356916
			14.1427447189195	-16.0332915708059
			14.1427447189195	-16.0514699059202
			14.1427447189195	-16.0696482410345
			14.1427447189195	-16.0878265761488
			14.1427447189195	-16.1060049112631
			14.1609230540338	-16.1241832463774
			14.1609230540338	-16.1423615814917
			14.1609230540338	-16.160539916606
			14.1609230540338	-16.1787182517203
			14.1609230540338	-16.1968965868346
			14.1609230540338	-16.2150749219489
			14.1609230540338	-16.2332532570632
			14.1609230540338	-16.2514315921774
			14.1609230540338	-16.2696099272917
			14.1609230540338	-16.287788262406
			14.1791013891481	-16.3059665975203
			14.1791013891481	-16.3241449326346
			14.1791013891481	-16.3423232677489
			14.1791013891481	-16.3605016028632
			14.1791013891481	-16.3786799379775
			14.1791013891481	-16.3968582730918
			14.1791013891481	-16.4150366082061
			14.1791013891481	-16.4332149433204
			14.1791013891481	-16.4513932784347
			14.1791013891481	-16.469571613549
			14.1791013891481	-16.4877499486632
			14.1972797242624	-16.5059282837775
			14.1972797242624	-16.5241066188918
			14.1972797242624	-16.5422849540061
			14.1972797242624	-16.5604632891204
			14.1972797242624	-16.5786416242347
			14.1972797242624	-16.596819959349
			14.1972797242624	-16.6149982944633
			14.1972797242624	-16.6331766295776
			14.1972797242624	-16.6513549646919
			14.1972797242624	-16.6695332998062
			14.1972797242624	-16.6877116349205
			14.1972797242624	-16.7058899700348
			14.1972797242624	-16.724068305149
			14.2154580593767	-16.7422466402633
			14.2154580593767	-16.7604249753776
			14.2154580593767	-16.7786033104919
			14.2154580593767	-16.7967816456062
			14.2154580593767	-16.8149599807205
			14.2154580593767	-16.8331383158348
			14.2154580593767	-16.8513166509491
			14.2154580593767	-16.8694949860634
			14.2154580593767	-16.8876733211777
			14.2154580593767	-16.905851656292
			14.2154580593767	-16.9240299914063
			14.2154580593767	-16.9422083265206
			14.2154580593767	-16.9603866616348
			14.2154580593767	-16.9785649967491
			14.233636394491	-16.9967433318634
			14.233636394491	-17.0149216669777
			14.233636394491	-17.033100002092
			14.233636394491	-17.0512783372063
			14.233636394491	-17.0694566723206
			14.233636394491	-17.0876350074349
			14.233636394491	-17.1058133425492
			14.233636394491	-17.1239916776635
			14.233636394491	-17.1421700127778
			14.233636394491	-17.1603483478921
			14.233636394491	-17.1785266830064
			14.233636394491	-17.1967050181207
			14.233636394491	-17.2148833532349
			14.233636394491	-17.2330616883492
			14.233636394491	-17.2512400234635
			14.233636394491	-17.2694183585778
			14.233636394491	-17.2875966936921
			14.2518147296053	-17.3057750288064
			14.2518147296053	-17.3239533639207
			14.2518147296053	-17.342131699035
			14.2518147296053	-17.3603100341493
			14.2518147296053	-17.3784883692636
			14.2518147296053	-17.3966667043779
			14.2518147296053	-17.4148450394922
			14.2518147296053	-17.4330233746065
			14.2518147296053	-17.4512017097207
			14.2518147296053	-17.469380044835
			14.2518147296053	-17.4875583799493
			14.2518147296053	-17.5057367150636
			14.2518147296053	-17.5239150501779
			14.2518147296053	-17.5420933852922
			14.2518147296053	-17.5602717204065
			14.2518147296053	-17.5784500555208
			14.2518147296053	-17.5966283906351
			14.2518147296053	-17.6148067257494
			14.2518147296053	-17.6329850608637
			14.2518147296053	-17.651163395978
			14.2518147296053	-17.6693417310923
			14.2699930647196	-17.6875200662065
			14.2699930647196	-17.7056984013208
			14.2699930647196	-17.7238767364351
			14.2699930647196	-17.7420550715494
			14.2699930647196	-17.7602334066637
			14.2699930647196	-17.778411741778
			14.2699930647196	-17.7965900768923
			14.2699930647196	-17.8147684120066
			14.2699930647196	-17.8329467471209
			14.2699930647196	-17.8511250822352
			14.2699930647196	-17.8693034173495
			14.2699930647196	-17.8874817524638
			14.2699930647196	-17.9056600875781
			14.2699930647196	-17.9238384226923
			14.2699930647196	-17.9420167578066
			14.2699930647196	-17.9601950929209
			14.2699930647196	-17.9783734280352
			14.2699930647196	-17.9965517631495
			14.2699930647196	-18.0147300982638
			14.2699930647196	-18.0329084333781
			14.2699930647196	-18.0510867684924
			14.2699930647196	-18.0692651036067
			14.2699930647196	-18.087443438721
			14.2699930647196	-18.1056217738353
			14.2699930647196	-18.1238001089496
			14.2699930647196	-18.1419784440639
			14.2699930647196	-18.1601567791782
			14.2699930647196	-18.1783351142924
			14.2699930647196	-18.1965134494067
			14.2881713998339	-18.214691784521
			14.2881713998339	-18.2328701196353
			14.2881713998339	-18.2510484547496
			14.2881713998339	-18.2692267898639
			14.2881713998339	-18.2874051249782
			14.2881713998339	-18.3055834600925
			14.2881713998339	-18.3237617952068
			14.2881713998339	-18.3419401303211
			14.2881713998339	-18.3601184654354
			14.2881713998339	-18.3782968005497
			14.2881713998339	-18.396475135664
			14.2881713998339	-18.4146534707782
			14.2881713998339	-18.4328318058925
			14.2881713998339	-18.4510101410068
			14.2881713998339	-18.4691884761211
			14.2881713998339	-18.4873668112354
			14.2881713998339	-18.5055451463497
			14.2881713998339	-18.523723481464
			14.2881713998339	-18.5419018165783
			14.2881713998339	-18.5600801516926
			14.2881713998339	-18.5782584868069
			14.2881713998339	-18.5964368219212
			14.2881713998339	-18.6146151570355
			14.2881713998339	-18.6327934921498
			14.2881713998339	-18.650971827264
			14.2881713998339	-18.6691501623783
			14.2881713998339	-18.6873284974926
			14.2881713998339	-18.7055068326069
			14.2881713998339	-18.7236851677212
			14.2881713998339	-18.7418635028355
			14.2881713998339	-18.7600418379498
			14.2881713998339	-18.7782201730641
			14.2881713998339	-18.7963985081784
			14.2881713998339	-18.8145768432927
			14.2881713998339	-18.832755178407
			14.2881713998339	-18.8509335135213
			14.2881713998339	-18.8691118486356
			14.2881713998339	-18.8872901837498
			14.2881713998339	-18.9054685188641
			14.2881713998339	-18.9236468539784
			14.2881713998339	-18.9418251890927
			14.2881713998339	-18.960003524207
			14.2881713998339	-18.9781818593213
			14.2881713998339	-18.9963601944356
			14.2881713998339	-19.0145385295499
			14.2881713998339	-19.0327168646642
			14.3063497349482	-19.0508951997785
			14.3063497349482	-19.0690735348928
			14.3063497349482	-19.0872518700071
			14.3063497349482	-19.1054302051214
			14.3063497349482	-19.1236085402357
			14.3063497349482	-19.1417868753499
			14.3063497349482	-19.1599652104642
			14.3063497349482	-19.1781435455785
			14.3063497349482	-19.1963218806928
			14.3063497349482	-19.2145002158071
			14.3063497349482	-19.2326785509214
			14.3063497349482	-19.2508568860357
			14.3063497349482	-19.26903522115
			14.3063497349482	-19.2872135562643
			14.3063497349482	-19.3053918913786
			14.3063497349482	-19.3235702264929
			14.3063497349482	-19.3417485616072
			14.3063497349482	-19.3599268967215
			14.3063497349482	-19.3781052318357
			14.3063497349482	-19.39628356695
			14.3063497349482	-19.4144619020643
			14.3063497349482	-19.4326402371786
			14.3063497349482	-19.4508185722929
			14.3063497349482	-19.4689969074072
			14.3063497349482	-19.4871752425215
			14.3063497349482	-19.5053535776358
			14.3063497349482	-19.5235319127501
			14.3063497349482	-19.5417102478644
			14.3063497349482	-19.5598885829787
			14.3063497349482	-19.578066918093
			14.3063497349482	-19.5962452532073
			14.3063497349482	-19.6144235883215
			14.3063497349482	-19.6326019234358
			14.3063497349482	-19.6507802585501
			14.3063497349482	-19.6689585936644
			14.3063497349482	-19.6871369287787
			14.3063497349482	-19.705315263893
			14.3063497349482	-19.7234935990073
			14.3063497349482	-19.7416719341216
			14.3063497349482	-19.7598502692359
			14.3063497349482	-19.7780286043502
			14.3063497349482	-19.7962069394645
			14.3063497349482	-19.8143852745788
			14.3063497349482	-19.8325636096931
			14.3063497349482	-19.8507419448073
			14.3063497349482	-19.8689202799216
			14.3063497349482	-19.8870986150359
			14.3063497349482	-19.9052769501502
			14.3063497349482	-19.9234552852645
			14.3063497349482	-19.9416336203788
			14.3063497349482	-19.9598119554931
			14.3063497349482	-19.9779902906074
			14.3063497349482	-19.9961686257217
			14.3063497349482	-20.014346960836
			14.3063497349482	-20.0325252959503
			14.3063497349482	-20.0507036310646
			14.3063497349482	-20.0688819661789
			14.3063497349482	-20.0870603012931
			14.3063497349482	-20.1052386364074
			14.3063497349482	-20.1234169715217
			14.3063497349482	-20.141595306636
			14.3063497349482	-20.1597736417503
			14.3063497349482	-20.1779519768646
			14.3063497349482	-20.1961303119789
			14.3063497349482	-20.2143086470932
			14.3063497349482	-20.2324869822075
			14.3063497349482	-20.2506653173218
			14.3063497349482	-20.2688436524361
			14.3063497349482	-20.2870219875504
			14.3063497349482	-20.3052003226647
			14.3063497349482	-20.323378657779
			14.3063497349482	-20.3415569928932
			14.3063497349482	-20.3597353280075
			14.3063497349482	-20.3779136631218
			14.3063497349482	-20.3960919982361
			14.3063497349482	-20.4142703333504
			14.3063497349482	-20.4324486684647
			14.3063497349482	-20.450627003579
			14.3063497349482	-20.4688053386933
			14.3063497349482	-20.4869836738076
			14.3063497349482	-20.5051620089219
			14.3063497349482	-20.5233403440362
			14.3063497349482	-20.5415186791505
			14.3063497349482	-20.5596970142648
			14.3063497349482	-20.577875349379
			14.3063497349482	-20.5960536844933
			14.3063497349482	-20.6142320196076
			14.3063497349482	-20.6324103547219
			14.3063497349482	-20.6505886898362
			14.3063497349482	-20.6687670249505
			14.3063497349482	-20.6869453600648
			14.3063497349482	-20.7051236951791
			14.3063497349482	-20.7233020302934
			14.3063497349482	-20.7414803654077
			14.3063497349482	-20.759658700522
			14.3063497349482	-20.7778370356363
			14.3063497349482	-20.7960153707506
			14.3063497349482	-20.8141937058648
			14.3063497349482	-20.8323720409791
			14.3063497349482	-20.8505503760934
			14.3063497349482	-20.8687287112077
			14.3063497349482	-20.886907046322
			14.3063497349482	-20.9050853814363
			14.3063497349482	-20.9232637165506
			14.3063497349482	-20.9414420516649
			14.3063497349482	-20.9596203867792
			14.3063497349482	-20.9777987218935
			14.3063497349482	-20.9959770570078
			14.3063497349482	-21.0141553921221
			14.3063497349482	-21.0323337272364
			14.3063497349482	-21.0505120623506
			14.3063497349482	-21.0686903974649
			14.3063497349482	-21.0868687325792
			14.3063497349482	-21.1050470676935
			14.3063497349482	-21.1232254028078
			14.3063497349482	-21.1414037379221
			14.3063497349482	-21.1595820730364
			14.3063497349482	-21.1777604081507
			14.3063497349482	-21.195938743265
			14.3063497349482	-21.2141170783793
			14.3063497349482	-21.2322954134936
			14.2881713998339	-21.2504737486079
			14.2881713998339	-21.2686520837222
			14.2881713998339	-21.2868304188365
			14.2881713998339	-21.3050087539507
			14.2881713998339	-21.323187089065
			14.2881713998339	-21.3413654241793
			14.2881713998339	-21.3595437592936
			14.2881713998339	-21.3777220944079
			14.2881713998339	-21.3959004295222
			14.2881713998339	-21.4140787646365
			14.2881713998339	-21.4322570997508
			14.2881713998339	-21.4504354348651
			14.2881713998339	-21.4686137699794
			14.2881713998339	-21.4867921050937
			14.2881713998339	-21.504970440208
			14.2881713998339	-21.5231487753223
			14.2881713998339	-21.5413271104365
			14.2881713998339	-21.5595054455508
			14.2881713998339	-21.5776837806651
			14.2881713998339	-21.5958621157794
			14.2881713998339	-21.6140404508937
			14.2881713998339	-21.632218786008
			14.2881713998339	-21.6503971211223
			14.2881713998339	-21.6685754562366
			14.2881713998339	-21.6867537913509
			14.2881713998339	-21.7049321264652
			14.2881713998339	-21.7231104615795
			14.2881713998339	-21.7412887966938
			14.2881713998339	-21.7594671318081
			14.2881713998339	-21.7776454669223
			14.2881713998339	-21.7958238020366
			14.2881713998339	-21.8140021371509
			14.2881713998339	-21.8321804722652
			14.2881713998339	-21.8503588073795
			14.2881713998339	-21.8685371424938
			14.2881713998339	-21.8867154776081
			14.2881713998339	-21.9048938127224
			14.2881713998339	-21.9230721478367
			14.2881713998339	-21.941250482951
			14.2881713998339	-21.9594288180653
			14.2881713998339	-21.9776071531796
			14.2881713998339	-21.9957854882939
			14.2881713998339	-22.0139638234082
			14.2881713998339	-22.0321421585224
			14.2881713998339	-22.0503204936367
			14.2881713998339	-22.068498828751
			14.2881713998339	-22.0866771638653
			14.2881713998339	-22.1048554989796
			14.2881713998339	-22.1230338340939
			14.2881713998339	-22.1412121692082
			14.2881713998339	-22.1593905043225
			14.2881713998339	-22.1775688394368
			14.2881713998339	-22.1957471745511
			14.2881713998339	-22.2139255096654
			14.2881713998339	-22.2321038447797
			14.2881713998339	-22.250282179894
			14.2881713998339	-22.2684605150082
			14.2881713998339	-22.2866388501225
			14.2881713998339	-22.3048171852368
			14.2881713998339	-22.3229955203511
			14.2881713998339	-22.3411738554654
			14.2881713998339	-22.3593521905797
			14.2699930647196	-22.377530525694
			14.2699930647196	-22.3957088608083
			14.2699930647196	-22.4138871959226
			14.2699930647196	-22.4320655310369
			14.2699930647196	-22.4502438661512
			14.2699930647196	-22.4684222012655
			14.2699930647196	-22.4866005363798
			14.2699930647196	-22.504778871494
			14.2699930647196	-22.5229572066083
			14.2699930647196	-22.5411355417226
			14.2699930647196	-22.5593138768369
			14.2699930647196	-22.5774922119512
			14.2699930647196	-22.5956705470655
			14.2699930647196	-22.6138488821798
			14.2699930647196	-22.6320272172941
			14.2699930647196	-22.6502055524084
			14.2699930647196	-22.6683838875227
			14.2699930647196	-22.686562222637
			14.2699930647196	-22.7047405577513
			14.2699930647196	-22.7229188928656
			14.2699930647196	-22.7410972279798
			14.2699930647196	-22.7592755630941
			14.2699930647196	-22.7774538982084
			14.2699930647196	-22.7956322333227
			14.2699930647196	-22.813810568437
			14.2699930647196	-22.8319889035513
			14.2699930647196	-22.8501672386656
			14.2699930647196	-22.8683455737799
			14.2699930647196	-22.8865239088942
			14.2699930647196	-22.9047022440085
			14.2699930647196	-22.9228805791228
			14.2699930647196	-22.9410589142371
			14.2699930647196	-22.9592372493514
			14.2699930647196	-22.9774155844656
			14.2699930647196	-22.9955939195799
			14.2699930647196	-23.0137722546942
			14.2699930647196	-23.0319505898085
			14.2699930647196	-23.0501289249228
			14.2699930647196	-23.0683072600371
			14.2699930647196	-23.0864855951514
			14.2699930647196	-23.1046639302657
			14.2699930647196	-23.12284226538
			14.2699930647196	-23.1410206004943
			14.2518147296053	-23.1591989356086
			14.2518147296053	-23.1773772707229
			14.2518147296053	-23.1955556058372
			14.2518147296053	-23.2137339409514
			14.2518147296053	-23.2319122760657
			14.2518147296053	-23.25009061118
			14.2518147296053	-23.2682689462943
			14.2518147296053	-23.2864472814086
			14.2518147296053	-23.3046256165229
			14.2518147296053	-23.3228039516372
			14.2518147296053	-23.3409822867515
			14.2518147296053	-23.3591606218658
			14.2518147296053	-23.3773389569801
			14.2518147296053	-23.3955172920944
			14.2518147296053	-23.4136956272087
			14.2518147296053	-23.431873962323
			14.2518147296053	-23.4500522974373
			14.2518147296053	-23.4682306325515
			14.2518147296053	-23.4864089676658
			14.2518147296053	-23.5045873027801
			14.2518147296053	-23.5227656378944
			14.2518147296053	-23.5409439730087
			14.2518147296053	-23.559122308123
			14.2518147296053	-23.5773006432373
			14.2518147296053	-23.5954789783516
			14.2518147296053	-23.6136573134659
			14.2518147296053	-23.6318356485802
			14.2518147296053	-23.6500139836945
			14.2518147296053	-23.6681923188088
			14.2518147296053	-23.6863706539231
			14.2518147296053	-23.7045489890373
			14.2518147296053	-23.7227273241516
			14.2518147296053	-23.7409056592659
			14.2518147296053	-23.7590839943802
			14.2518147296053	-23.7772623294945
			14.2518147296053	-23.7954406646088
			14.2518147296053	-23.8136189997231
			14.233636394491	-23.8317973348374
			14.233636394491	-23.8499756699517
			14.233636394491	-23.868154005066
			14.233636394491	-23.8863323401803
			14.233636394491	-23.9045106752946
			14.233636394491	-23.9226890104089
			14.233636394491	-23.9408673455231
			14.233636394491	-23.9590456806374
			14.233636394491	-23.9772240157517
			14.233636394491	-23.995402350866
			14.233636394491	-24.0135806859803
			14.233636394491	-24.0317590210946
			14.233636394491	-24.0499373562089
			14.233636394491	-24.0681156913232
			14.233636394491	-24.0862940264375
			14.233636394491	-24.1044723615518
			14.233636394491	-24.1226506966661
			14.233636394491	-24.1408290317804
			14.233636394491	-24.1590073668947
			14.233636394491	-24.177185702009
			14.233636394491	-24.1953640371232
			14.233636394491	-24.2135423722375
			14.233636394491	-24.2317207073518
			14.233636394491	-24.2498990424661
			14.233636394491	-24.2680773775804
			14.233636394491	-24.2862557126947
			14.233636394491	-24.304434047809
			14.233636394491	-24.3226123829233
			14.233636394491	-24.3407907180376
			14.233636394491	-24.3589690531519
			14.233636394491	-24.3771473882662
			14.233636394491	-24.3953257233805
			14.2154580593767	-24.4135040584948
			14.2154580593767	-24.431682393609
			14.2154580593767	-24.4498607287233
			14.2154580593767	-24.4680390638376
			14.2154580593767	-24.4862173989519
			14.2154580593767	-24.5043957340662
			14.2154580593767	-24.5225740691805
			14.2154580593767	-24.5407524042948
			14.2154580593767	-24.5589307394091
			14.2154580593767	-24.5771090745234
			14.2154580593767	-24.5952874096377
			14.2154580593767	-24.613465744752
			14.2154580593767	-24.6316440798663
			14.2154580593767	-24.6498224149806
			14.2154580593767	-24.6680007500948
			14.2154580593767	-24.6861790852091
			14.2154580593767	-24.7043574203234
			14.2154580593767	-24.7225357554377
			14.2154580593767	-24.740714090552
			14.2154580593767	-24.7588924256663
			14.2154580593767	-24.7770707607806
			14.2154580593767	-24.7952490958949
			14.2154580593767	-24.8134274310092
			14.2154580593767	-24.8316057661235
			14.2154580593767	-24.8497841012378
			14.2154580593767	-24.8679624363521
			14.2154580593767	-24.8861407714664
			14.2154580593767	-24.9043191065806
			14.2154580593767	-24.9224974416949
			14.1972797242624	-24.9406757768092
			14.1972797242624	-24.9588541119235
			14.1972797242624	-24.9770324470378
			14.1972797242624	-24.9952107821521
			14.1972797242624	-25.0133891172664
			14.1972797242624	-25.0315674523807
			14.1972797242624	-25.049745787495
			14.1972797242624	-25.0679241226093
			14.1972797242624	-25.0861024577236
			14.1972797242624	-25.1042807928379
			14.1972797242624	-25.1224591279522
			14.1972797242624	-25.1406374630665
			14.1972797242624	-25.1588157981807
			14.1972797242624	-25.176994133295
			14.1972797242624	-25.1951724684093
			14.1972797242624	-25.2133508035236
			14.1972797242624	-25.2315291386379
			14.1972797242624	-25.2497074737522
			14.1972797242624	-25.2678858088665
			14.1972797242624	-25.2860641439808
			14.1972797242624	-25.3042424790951
			14.1972797242624	-25.3224208142094
			14.1972797242624	-25.3405991493237
			14.1972797242624	-25.358777484438
			14.1972797242624	-25.3769558195523
			14.1972797242624	-25.3951341546665
			14.1972797242624	-25.4133124897808
			14.1791013891481	-25.4314908248951
			14.1791013891481	-25.4496691600094
			14.1791013891481	-25.4678474951237
			14.1791013891481	-25.486025830238
			14.1791013891481	-25.5042041653523
			14.1791013891481	-25.5223825004666
			14.1791013891481	-25.5405608355809
			14.1791013891481	-25.5587391706952
			14.1791013891481	-25.5769175058095
			14.1791013891481	-25.5950958409238
			14.1791013891481	-25.6132741760381
			14.1791013891481	-25.6314525111523
			14.1791013891481	-25.6496308462666
			14.1791013891481	-25.6678091813809
			14.1791013891481	-25.6859875164952
			14.1791013891481	-25.7041658516095
			14.1791013891481	-25.7223441867238
			14.1791013891481	-25.7405225218381
			14.1791013891481	-25.7587008569524
			14.1791013891481	-25.7768791920667
			14.1791013891481	-25.795057527181
			14.1791013891481	-25.8132358622953
			14.1791013891481	-25.8314141974096
			14.1791013891481	-25.8495925325239
			14.1609230540338	-25.8677708676381
			14.1609230540338	-25.8859492027524
			14.1609230540338	-25.9041275378667
			14.1609230540338	-25.922305872981
			14.1609230540338	-25.9404842080953
			14.1609230540338	-25.9586625432096
			14.1609230540338	-25.9768408783239
			14.1609230540338	-25.9950192134382
			14.1609230540338	-26.0131975485525
			14.1609230540338	-26.0313758836668
			14.1609230540338	-26.0495542187811
			14.1609230540338	-26.0677325538954
			14.1609230540338	-26.0859108890097
			14.1609230540338	-26.1040892241239
			14.1609230540338	-26.1222675592382
			14.1609230540338	-26.1404458943525
			14.1609230540338	-26.1586242294668
			14.1609230540338	-26.1768025645811
			14.1609230540338	-26.1949808996954
			14.1609230540338	-26.2131592348097
			14.1609230540338	-26.231337569924
			14.1609230540338	-26.2495159050383
			14.1427447189195	-26.2676942401526
			14.1427447189195	-26.2858725752669
			14.1427447189195	-26.3040509103812
			14.1427447189195	-26.3222292454955
			14.1427447189195	-26.3404075806097
			14.1427447189195	-26.358585915724
			14.1427447189195	-26.3767642508383
			14.1427447189195	-26.3949425859526
			14.1427447189195	-26.4131209210669
			14.1427447189195	-26.4312992561812
			14.1427447189195	-26.4494775912955
			14.1427447189195	-26.4676559264098
			14.1427447189195	-26.4858342615241
			14.1427447189195	-26.5040125966384
			14.1427447189195	-26.5221909317527
			14.1427447189195	-26.540369266867
			14.1427447189195	-26.5585476019813
			14.1427447189195	-26.5767259370956
			14.1427447189195	-26.5949042722098
			14.1427447189195	-26.6130826073241
			14.1245663838052	-26.6312609424384
			14.1245663838052	-26.6494392775527
			14.1245663838052	-26.667617612667
			14.1245663838052	-26.6857959477813
			14.1245663838052	-26.7039742828956
			14.1245663838052	-26.7221526180099
			14.1245663838052	-26.7403309531242
			14.1245663838052	-26.7585092882385
			14.1245663838052	-26.7766876233528
			14.1245663838052	-26.7948659584671
			14.1245663838052	-26.8130442935814
			14.1245663838052	-26.8312226286956
			14.1245663838052	-26.8494009638099
			14.1245663838052	-26.8675792989242
			14.1245663838052	-26.8857576340385
			14.1245663838052	-26.9039359691528
			14.1245663838052	-26.9221143042671
			14.1245663838052	-26.9402926393814
			14.1245663838052	-26.9584709744957
			14.1063880486909	-26.97664930961
			14.1063880486909	-26.9948276447243
			14.1063880486909	-27.0130059798386
			14.1063880486909	-27.0311843149529
			14.1063880486909	-27.0493626500672
			14.1063880486909	-27.0675409851814
			14.1063880486909	-27.0857193202957
			14.1063880486909	-27.10389765541
			14.1063880486909	-27.1220759905243
			14.1063880486909	-27.1402543256386
			14.1063880486909	-27.1584326607529
			14.1063880486909	-27.1766109958672
			14.1063880486909	-27.1947893309815
			14.1063880486909	-27.2129676660958
			14.1063880486909	-27.2311460012101
			14.1063880486909	-27.2493243363244
			14.1063880486909	-27.2675026714387
			14.1063880486909	-27.285681006553
			14.0882097135766	-27.3038593416673
			14.0882097135766	-27.3220376767815
			14.0882097135766	-27.3402160118958
			14.0882097135766	-27.3583943470101
			14.0882097135766	-27.3765726821244
			14.0882097135766	-27.3947510172387
			14.0882097135766	-27.412929352353
			14.0882097135766	-27.4311076874673
			14.0882097135766	-27.4492860225816
			14.0882097135766	-27.4674643576959
			14.0882097135766	-27.4856426928102
			14.0882097135766	-27.5038210279245
			14.0882097135766	-27.5219993630388
			14.0882097135766	-27.5401776981531
			14.0882097135766	-27.5583560332673
			14.0882097135766	-27.5765343683816
			14.0882097135766	-27.5947127034959
			14.0700313784624	-27.6128910386102
			14.0700313784624	-27.6310693737245
			14.0700313784624	-27.6492477088388
			14.0700313784624	-27.6674260439531
			14.0700313784624	-27.6856043790674
			14.0700313784624	-27.7037827141817
			14.0700313784624	-27.721961049296
			14.0700313784624	-27.7401393844103
			14.0700313784624	-27.7583177195246
			14.0700313784624	-27.7764960546389
			14.0700313784624	-27.7946743897531
			14.0700313784624	-27.8128527248674
			14.0700313784624	-27.8310310599817
			14.0700313784624	-27.849209395096
			14.0700313784624	-27.8673877302103
			14.0518530433481	-27.8855660653246
			14.0518530433481	-27.9037444004389
			14.0518530433481	-27.9219227355532
			14.0518530433481	-27.9401010706675
			14.0518530433481	-27.9582794057818
			14.0518530433481	-27.9764577408961
			14.0518530433481	-27.9946360760104
			14.0518530433481	-28.0128144111247
			14.0518530433481	-28.0309927462389
			14.0518530433481	-28.0491710813532
			14.0518530433481	-28.0673494164675
			14.0518530433481	-28.0855277515818
			14.0518530433481	-28.1037060866961
			14.0518530433481	-28.1218844218104
			14.0336747082338	-28.1400627569247
			14.0336747082338	-28.158241092039
			14.0336747082338	-28.1764194271533
			14.0336747082338	-28.1945977622676
			14.0336747082338	-28.2127760973819
			14.0336747082338	-28.2309544324962
			14.0336747082338	-28.2491327676105
			14.0336747082338	-28.2673111027248
			14.0336747082338	-28.285489437839
			14.0336747082338	-28.3036677729533
			14.0336747082338	-28.3218461080676
			14.0336747082338	-28.3400244431819
			14.0336747082338	-28.3582027782962
			14.0336747082338	-28.3763811134105
			14.0154963731195	-28.3945594485248
			14.0154963731195	-28.4127377836391
			14.0154963731195	-28.4309161187534
			14.0154963731195	-28.4490944538677
			14.0154963731195	-28.467272788982
			14.0154963731195	-28.4854511240963
			14.0154963731195	-28.5036294592106
			14.0154963731195	-28.5218077943248
			14.0154963731195	-28.5399861294391
			14.0154963731195	-28.5581644645534
			14.0154963731195	-28.5763427996677
			14.0154963731195	-28.594521134782
			14.0154963731195	-28.6126994698963
			13.9973180380052	-28.6308778050106
			13.9973180380052	-28.6490561401249
			13.9973180380052	-28.6672344752392
			13.9973180380052	-28.6854128103535
			13.9973180380052	-28.7035911454678
			13.9973180380052	-28.7217694805821
			13.9973180380052	-28.7399478156964
			13.9973180380052	-28.7581261508106
			13.9973180380052	-28.7763044859249
			13.9973180380052	-28.7944828210392
			13.9973180380052	-28.8126611561535
			13.9973180380052	-28.8308394912678
			13.9791397028909	-28.8490178263821
			13.9791397028909	-28.8671961614964
			13.9791397028909	-28.8853744966107
			13.9791397028909	-28.903552831725
			13.9791397028909	-28.9217311668393
			13.9791397028909	-28.9399095019536
			13.9791397028909	-28.9580878370679
			13.9791397028909	-28.9762661721822
			13.9791397028909	-28.9944445072964
			13.9791397028909	-29.0126228424107
			13.9791397028909	-29.030801177525
			13.9609613677766	-29.0489795126393
			13.9609613677766	-29.0671578477536
			13.9609613677766	-29.0853361828679
			13.9609613677766	-29.1035145179822
			13.9609613677766	-29.1216928530965
			13.9609613677766	-29.1398711882108
			13.9609613677766	-29.1580495233251
			13.9609613677766	-29.1762278584394
			13.9609613677766	-29.1944061935537
			13.9609613677766	-29.212584528668
			13.9609613677766	-29.2307628637822
			13.9427830326623	-29.2489411988965
			13.9427830326623	-29.2671195340108
			13.9427830326623	-29.2852978691251
			13.9427830326623	-29.3034762042394
			13.9427830326623	-29.3216545393537
			13.9427830326623	-29.339832874468
			13.9427830326623	-29.3580112095823
			13.9427830326623	-29.3761895446966
			13.9427830326623	-29.3943678798109
			13.9427830326623	-29.4125462149252
			13.924604697548	-29.4307245500395
			13.924604697548	-29.4489028851538
			13.924604697548	-29.4670812202681
			13.924604697548	-29.4852595553823
			13.924604697548	-29.5034378904966
			13.924604697548	-29.5216162256109
			13.924604697548	-29.5397945607252
			13.924604697548	-29.5579728958395
			13.924604697548	-29.5761512309538
			13.924604697548	-29.5943295660681
			13.9064263624337	-29.6125079011824
			13.9064263624337	-29.6306862362967
			13.9064263624337	-29.648864571411
			13.9064263624337	-29.6670429065253
			13.9064263624337	-29.6852212416396
			13.9064263624337	-29.7033995767539
			13.9064263624337	-29.7215779118681
			13.9064263624337	-29.7397562469824
			13.9064263624337	-29.7579345820967
			13.8882480273194	-29.776112917211
			13.8882480273194	-29.7942912523253
			13.8882480273194	-29.8124695874396
			13.8882480273194	-29.8306479225539
			13.8882480273194	-29.8488262576682
			13.8882480273194	-29.8670045927825
			13.8882480273194	-29.8851829278968
			13.8882480273194	-29.9033612630111
			13.8700696922051	-29.9215395981254
			13.8700696922051	-29.9397179332397
			13.8700696922051	-29.9578962683539
			13.8700696922051	-29.9760746034682
			13.8700696922051	-29.9942529385825
			13.8700696922051	-30.0124312736968
			13.8700696922051	-30.0306096088111
			13.8700696922051	-30.0487879439254
			13.8700696922051	-30.0669662790397
			13.8518913570908	-30.0669662790397
			13.8518913570908	-30.085144614154
			13.8518913570908	-30.1033229492683
			13.8518913570908	-30.1215012843826
			13.8518913570908	-30.1396796194969
			13.8518913570908	-30.1578579546112
			13.8518913570908	-30.1760362897255
			13.8518913570908	-30.1942146248397
			13.8337130219765	-30.212392959954
			13.8337130219765	-30.2305712950683
			13.8337130219765	-30.2487496301826
			13.8337130219765	-30.2669279652969
			13.8337130219765	-30.2851063004112
			13.8337130219765	-30.3032846355255
			13.8337130219765	-30.3214629706398
			13.8155346868623	-30.3396413057541
			13.8155346868623	-30.3578196408684
			13.8155346868623	-30.3759979759827
			13.8155346868623	-30.394176311097
			13.8155346868623	-30.4123546462113
			13.8155346868623	-30.4305329813256
			13.8155346868623	-30.4487113164398
			13.797356351748	-30.4668896515541
			13.797356351748	-30.4850679866684
			13.797356351748	-30.5032463217827
			13.797356351748	-30.521424656897
			13.797356351748	-30.5396029920113
			13.797356351748	-30.5577813271256
			13.7791780166337	-30.5759596622399
			13.7791780166337	-30.5941379973542
			13.7791780166337	-30.6123163324685
			13.7791780166337	-30.6304946675828
			13.7791780166337	-30.6486730026971
			13.7791780166337	-30.6668513378114
			13.7791780166337	-30.6850296729256
			13.7609996815194	-30.7032080080399
			13.7609996815194	-30.7213863431542
			13.7609996815194	-30.7395646782685
			13.7609996815194	-30.7577430133828
			13.7609996815194	-30.7759213484971
			13.7609996815194	-30.7940996836114
			13.7428213464051	-30.8122780187257
			13.7428213464051	-30.83045635384
			13.7428213464051	-30.8486346889543
			13.7428213464051	-30.8668130240686
			13.7246430112908	-30.8849913591829
			13.7246430112908	-30.9031696942972
			13.7246430112908	-30.9213480294114
			13.7246430112908	-30.9395263645257
			13.7246430112908	-30.95770469964
			13.7064646761765	-30.9758830347543
			13.7064646761765	-30.9940613698686
			13.7064646761765	-31.0122397049829
			13.7064646761765	-31.0304180400972
			13.7064646761765	-31.0485963752115
			13.6882863410622	-31.0667747103258
			13.6882863410622	-31.0849530454401
			13.6882863410622	-31.1031313805544
			13.6882863410622	-31.1213097156687
			13.6882863410622	-31.139488050783
			13.6701080059479	-31.1576663858972
			13.6701080059479	-31.1758447210115
			13.6701080059479	-31.1940230561258
			13.6701080059479	-31.2122013912401
			13.6519296708336	-31.2303797263544
			13.6519296708336	-31.2485580614687
			13.6519296708336	-31.266736396583
			13.6519296708336	-31.2849147316973
			13.6337513357193	-31.3030930668116
			13.6337513357193	-31.3212714019259
			13.6337513357193	-31.3394497370402
			13.6337513357193	-31.3576280721545
			13.615573000605	-31.3758064072688
			13.615573000605	-31.3939847423831
			13.615573000605	-31.4121630774973
			13.615573000605	-31.4303414126116
			13.5973946654907	-31.4485197477259
			13.5973946654907	-31.4666980828402
			13.5973946654907	-31.4848764179545
			13.5792163303765	-31.5030547530688
			13.5792163303765	-31.5212330881831
			13.5792163303765	-31.5394114232974
			13.5610379952622	-31.5575897584117
			13.5610379952622	-31.575768093526
			13.5610379952622	-31.5939464286403
			13.5428596601479	-31.6121247637546
			13.5428596601479	-31.6303030988689
			13.5246813250336	-31.6484814339831
			13.5246813250336	-31.6666597690974
			13.5065029899193	-31.6848381042117
			13.5065029899193	-31.703016439326
			13.5065029899193	-31.7211947744403
			13.488324654805	-31.7211947744403
			13.488324654805	-31.7393731095546
			13.4701463196907	-31.7575514446689
			13.4701463196907	-31.7757297797832
			13.4519679845764	-31.7939081148975
			13.4337896494621	-31.8120864500118
			13.4337896494621	-31.8302647851261
			13.4156113143478	-31.8484431202404
			13.4156113143478	-31.8666214553547
			13.3974329792335	-31.8666214553547
			13.3974329792335	-31.8847997904689
			13.3792546441192	-31.8847997904689
			13.3792546441192	-31.9029781255832
			13.3610763090049	-31.9029781255832
			13.3610763090049	-31.9211564606975
			13.3428979738907	-31.9211564606975
			13.3247196387764	-31.9211564606975
			13.3065413036621	-31.9393347958118
			13.2883629685478	-31.9393347958118
			13.2701846334335	-31.9393347958118
			13.2520062983192	-31.9393347958118
			13.2338279632049	-31.9393347958118
			13.2156496280906	-31.9211564606975
			13.1974712929763	-31.9211564606975
		</curveLM04>
	</curves.scaled>
	<ruler.points type=matrix rownames=TRUE colnames=FALSE nrow=5 ncol=2 as.numeric=TRUE >
		Ruler point 1	639	1980
		Ruler point 2	691	1979
		Ruler point 3	748	1978
		Ruler point 4	803	1977
		Ruler point 5	861	1974
	</ruler.points>
</shapes>

